
10 12 4
1 5 0 5 0 0 5 0 5 
-10 5 0 4 1 1 4 0 5 
4 5 0 3 2 2 3 0 5 
16 5 0 3 2 1 4 1 4 
-12 5 0 2 3 2 3 1 4 
16 4 1 4 1 2 3 0 5 
9 4 1 4 1 1 4 1 4 
-12 4 1 3 2 3 2 0 5 
-76 4 1 3 2 2 3 1 4 
48 4 1 2 3 2 3 2 3 
48 3 2 3 2 3 2 1 4 
-32 3 2 3 2 2 3 2 3 

20 68 8
1 5 0 5 0 5 0 3 2 2 3 0 5 0 5 0 5 
-1 5 0 5 0 5 0 3 2 1 4 1 4 0 5 0 5 
-3 5 0 5 0 5 0 2 3 2 3 1 4 0 5 0 5 
5 5 0 5 0 5 0 2 3 1 4 1 4 1 4 0 5 
-2 5 0 5 0 5 0 1 4 1 4 1 4 1 4 1 4 
-1 5 0 5 0 4 1 4 1 2 3 0 5 0 5 0 5 
1 5 0 5 0 4 1 4 1 1 4 1 4 0 5 0 5 
-3 5 0 5 0 4 1 3 2 3 2 0 5 0 5 0 5 
11 5 0 5 0 4 1 3 2 2 3 1 4 0 5 0 5 
-5 5 0 5 0 4 1 3 2 1 4 1 4 1 4 0 5 
12 5 0 5 0 4 1 2 3 2 3 2 3 0 5 0 5 
-30 5 0 5 0 4 1 2 3 2 3 1 4 1 4 0 5 
15 5 0 5 0 4 1 2 3 1 4 1 4 1 4 1 4 
12 5 0 5 0 3 2 3 2 3 2 1 4 0 5 0 5 
-21 5 0 5 0 3 2 3 2 2 3 2 3 0 5 0 5 
-34 5 0 5 0 3 2 3 2 2 3 1 4 1 4 0 5 
22 5 0 5 0 3 2 3 2 1 4 1 4 1 4 1 4 
78 5 0 5 0 3 2 2 3 2 3 2 3 1 4 0 5 
-48 5 0 5 0 3 2 2 3 2 3 1 4 1 4 1 4 
-27 5 0 5 0 2 3 2 3 2 3 2 3 2 3 0 5 
18 5 0 5 0 2 3 2 3 2 3 2 3 1 4 1 4 
5 5 0 4 1 4 1 4 1 3 2 0 5 0 5 0 5 
-5 5 0 4 1 4 1 4 1 2 3 1 4 0 5 0 5 
-30 5 0 4 1 4 1 3 2 3 2 1 4 0 5 0 5 
-34 5 0 4 1 4 1 3 2 2 3 2 3 0 5 0 5 
133 5 0 4 1 4 1 3 2 2 3 1 4 1 4 0 5 
-54 5 0 4 1 4 1 3 2 1 4 1 4 1 4 1 4 
-18 5 0 4 1 4 1 2 3 2 3 2 3 1 4 0 5 
3 5 0 4 1 4 1 2 3 2 3 1 4 1 4 1 4 
78 5 0 4 1 3 2 3 2 3 2 2 3 0 5 0 5 
-18 5 0 4 1 3 2 3 2 3 2 1 4 1 4 0 5 
-220 5 0 4 1 3 2 3 2 2 3 2 3 1 4 0 5 
106 5 0 4 1 3 2 3 2 2 3 1 4 1 4 1 4 
93 5 0 4 1 3 2 2 3 2 3 2 3 2 3 0 5 
-30 5 0 4 1 3 2 2 3 2 3 2 3 1 4 1 4 
-9 5 0 4 1 2 3 2 3 2 3 2 3 2 3 1 4 
-27 5 0 3 2 3 2 3 2 3 2 3 2 0 5 0 5 
93 5 0 3 2 3 2 3 2 3 2 2 3 1 4 0 5 
-38 5 0 3 2 3 2 3 2 3 2 1 4 1 4 1 4 
-42 5 0 3 2 3 2 3 2 2 3 2 3 2 3 0 5 
8 5 0 3 2 3 2 3 2 2 3 2 3 1 4 1 4 
6 5 0 3 2 3 2 2 3 2 3 2 3 2 3 1 4 
-2 4 1 4 1 4 1 4 1 4 1 0 5 0 5 0 5 
15 4 1 4 1 4 1 4 1 3 2 1 4 0 5 0 5 
22 4 1 4 1 4 1 4 1 2 3 2 3 0 5 0 5 
-54 4 1 4 1 4 1 4 1 2 3 1 4 1 4 0 5 
27 4 1 4 1 4 1 4 1 1 4 1 4 1 4 1 4 
-48 4 1 4 1 4 1 3 2 3 2 2 3 0 5 0 5 
3 4 1 4 1 4 1 3 2 3 2 1 4 1 4 0 5 
106 4 1 4 1 4 1 3 2 2 3 2 3 1 4 0 5 
-81 4 1 4 1 4 1 3 2 2 3 1 4 1 4 1 4 
-38 4 1 4 1 4 1 2 3 2 3 2 3 2 3 0 5 
38 4 1 4 1 4 1 2 3 2 3 2 3 1 4 1 4 
18 4 1 4 1 3 2 3 2 3 2 3 2 0 5 0 5 
-30 4 1 4 1 3 2 3 2 3 2 2 3 1 4 0 5 
38 4 1 4 1 3 2 3 2 3 2 1 4 1 4 1 4 
8 4 1 4 1 3 2 3 2 2 3 2 3 2 3 0 5 
25 4 1 4 1 3 2 3 2 2 3 2 3 1 4 1 4 
-57 4 1 4 1 3 2 2 3 2 3 2 3 2 3 1 4 
18 4 1 4 1 2 3 2 3 2 3 2 3 2 3 2 3 
-9 4 1 3 2 3 2 3 2 3 2 3 2 1 4 0 5 
6 4 1 3 2 3 2 3 2 3 2 2 3 2 3 0 5 
-57 4 1 3 2 3 2 3 2 3 2 2 3 1 4 1 4 
74 4 1 3 2 3 2 3 2 2 3 2 3 2 3 1 4 
-24 4 1 3 2 3 2 2 3 2 3 2 3 2 3 2 3 
18 3 2 3 2 3 2 3 2 3 2 3 2 1 4 1 4 
-24 3 2 3 2 3 2 3 2 3 2 2 3 2 3 1 4 
8 3 2 3 2 3 2 3 2 2 3 2 3 2 3 2 3 

30 228 12
1 5 0 5 0 5 0 5 0 3 2 3 2 2 3 2 3 0 5 0 5 0 5 0 5 
-2 5 0 5 0 5 0 5 0 3 2 3 2 2 3 1 4 1 4 0 5 0 5 0 5 
1 5 0 5 0 5 0 5 0 3 2 3 2 1 4 1 4 1 4 1 4 0 5 0 5 
-6 5 0 5 0 5 0 5 0 3 2 2 3 2 3 2 3 1 4 0 5 0 5 0 5 
16 5 0 5 0 5 0 5 0 3 2 2 3 2 3 1 4 1 4 1 4 0 5 0 5 
-14 5 0 5 0 5 0 5 0 3 2 2 3 1 4 1 4 1 4 1 4 1 4 0 5 
4 5 0 5 0 5 0 5 0 3 2 1 4 1 4 1 4 1 4 1 4 1 4 1 4 
4 5 0 5 0 5 0 5 0 2 3 2 3 2 3 2 3 2 3 0 5 0 5 0 5 
-11 5 0 5 0 5 0 5 0 2 3 2 3 2 3 2 3 1 4 1 4 0 5 0 5 
10 5 0 5 0 5 0 5 0 2 3 2 3 2 3 1 4 1 4 1 4 1 4 0 5 
-3 5 0 5 0 5 0 5 0 2 3 2 3 1 4 1 4 1 4 1 4 1 4 1 4 
-2 5 0 5 0 5 0 4 1 4 1 3 2 2 3 2 3 0 5 0 5 0 5 0 5 
4 5 0 5 0 5 0 4 1 4 1 3 2 2 3 1 4 1 4 0 5 0 5 0 5 
-2 5 0 5 0 5 0 4 1 4 1 3 2 1 4 1 4 1 4 1 4 0 5 0 5 
6 5 0 5 0 5 0 4 1 4 1 2 3 2 3 2 3 1 4 0 5 0 5 0 5 
-16 5 0 5 0 5 0 4 1 4 1 2 3 2 3 1 4 1 4 1 4 0 5 0 5 
14 5 0 5 0 5 0 4 1 4 1 2 3 1 4 1 4 1 4 1 4 1 4 0 5 
-4 5 0 5 0 5 0 4 1 4 1 1 4 1 4 1 4 1 4 1 4 1 4 1 4 
-6 5 0 5 0 5 0 4 1 3 2 3 2 3 2 2 3 0 5 0 5 0 5 0 5 
6 5 0 5 0 5 0 4 1 3 2 3 2 3 2 1 4 1 4 0 5 0 5 0 5 
50 5 0 5 0 5 0 4 1 3 2 3 2 2 3 2 3 1 4 0 5 0 5 0 5 
-82 5 0 5 0 5 0 4 1 3 2 3 2 2 3 1 4 1 4 1 4 0 5 0 5 
32 5 0 5 0 5 0 4 1 3 2 3 2 1 4 1 4 1 4 1 4 1 4 0 5 
-36 5 0 5 0 5 0 4 1 3 2 2 3 2 3 2 3 2 3 0 5 0 5 0 5 
30 5 0 5 0 5 0 4 1 3 2 2 3 2 3 2 3 1 4 1 4 0 5 0 5 
30 5 0 5 0 5 0 4 1 3 2 2 3 2 3 1 4 1 4 1 4 1 4 0 5 
-24 5 0 5 0 5 0 4 1 3 2 2 3 1 4 1 4 1 4 1 4 1 4 1 4 
28 5 0 5 0 5 0 4 1 2 3 2 3 2 3 2 3 2 3 1 4 0 5 0 5 
-50 5 0 5 0 5 0 4 1 2 3 2 3 2 3 2 3 1 4 1 4 1 4 0 5 
22 5 0 5 0 5 0 4 1 2 3 2 3 2 3 1 4 1 4 1 4 1 4 1 4 
4 5 0 5 0 5 0 3 2 3 2 3 2 3 2 3 2 0 5 0 5 0 5 0 5 
-36 5 0 5 0 5 0 3 2 3 2 3 2 3 2 2 3 1 4 0 5 0 5 0 5 
16 5 0 5 0 5 0 3 2 3 2 3 2 3 2 1 4 1 4 1 4 0 5 0 5 
22 5 0 5 0 5 0 3 2 3 2 3 2 2 3 2 3 2 3 0 5 0 5 0 5 
50 5 0 5 0 5 0 3 2 3 2 3 2 2 3 2 3 1 4 1 4 0 5 0 5 
-16 5 0 5 0 5 0 3 2 3 2 3 2 2 3 1 4 1 4 1 4 1 4 0 5 
-16 5 0 5 0 5 0 3 2 3 2 3 2 1 4 1 4 1 4 1 4 1 4 1 4 
-54 5 0 5 0 5 0 3 2 3 2 2 3 2 3 2 3 2 3 1 4 0 5 0 5 
-46 5 0 5 0 5 0 3 2 3 2 2 3 2 3 2 3 1 4 1 4 1 4 0 5 
60 5 0 5 0 5 0 3 2 3 2 2 3 2 3 1 4 1 4 1 4 1 4 1 4 
6 5 0 5 0 5 0 3 2 2 3 2 3 2 3 2 3 2 3 2 3 0 5 0 5 
70 5 0 5 0 5 0 3 2 2 3 2 3 2 3 2 3 2 3 1 4 1 4 0 5 
-56 5 0 5 0 5 0 3 2 2 3 2 3 2 3 2 3 1 4 1 4 1 4 1 4 
-18 5 0 5 0 5 0 2 3 2 3 2 3 2 3 2 3 2 3 2 3 1 4 0 5 
14 5 0 5 0 5 0 2 3 2 3 2 3 2 3 2 3 2 3 1 4 1 4 1 4 
1 5 0 5 0 4 1 4 1 4 1 4 1 2 3 2 3 0 5 0 5 0 5 0 5 
-2 5 0 5 0 4 1 4 1 4 1 4 1 2 3 1 4 1 4 0 5 0 5 0 5 
1 5 0 5 0 4 1 4 1 4 1 4 1 1 4 1 4 1 4 1 4 0 5 0 5 
16 5 0 5 0 4 1 4 1 4 1 3 2 3 2 2 3 0 5 0 5 0 5 0 5 
-16 5 0 5 0 4 1 4 1 4 1 3 2 3 2 1 4 1 4 0 5 0 5 0 5 
-82 5 0 5 0 4 1 4 1 4 1 3 2 2 3 2 3 1 4 0 5 0 5 0 5 
132 5 0 5 0 4 1 4 1 4 1 3 2 2 3 1 4 1 4 1 4 0 5 0 5 
-50 5 0 5 0 4 1 4 1 4 1 3 2 1 4 1 4 1 4 1 4 1 4 0 5 
16 5 0 5 0 4 1 4 1 4 1 2 3 2 3 2 3 2 3 0 5 0 5 0 5 
14 5 0 5 0 4 1 4 1 4 1 2 3 2 3 2 3 1 4 1 4 0 5 0 5 
-60 5 0 5 0 4 1 4 1 4 1 2 3 2 3 1 4 1 4 1 4 1 4 0 5 
30 5 0 5 0 4 1 4 1 4 1 2 3 1 4 1 4 1 4 1 4 1 4 1 4 
-11 5 0 5 0 4 1 4 1 3 2 3 2 3 2 3 2 0 5 0 5 0 5 0 5 
30 5 0 5 0 4 1 4 1 3 2 3 2 3 2 2 3 1 4 0 5 0 5 0 5 
14 5 0 5 0 4 1 4 1 3 2 3 2 3 2 1 4 1 4 1 4 0 5 0 5 
50 5 0 5 0 4 1 4 1 3 2 3 2 2 3 2 3 2 3 0 5 0 5 0 5 
-168 5 0 5 0 4 1 4 1 3 2 3 2 2 3 2 3 1 4 1 4 0 5 0 5 
48 5 0 5 0 4 1 4 1 3 2 3 2 2 3 1 4 1 4 1 4 1 4 0 5 
4 5 0 5 0 4 1 4 1 3 2 3 2 1 4 1 4 1 4 1 4 1 4 1 4 
48 5 0 5 0 4 1 4 1 3 2 2 3 2 3 2 3 2 3 1 4 0 5 0 5 
2 5 0 5 0 4 1 4 1 3 2 2 3 2 3 2 3 1 4 1 4 1 4 0 5 
-6 5 0 5 0 4 1 4 1 3 2 2 3 2 3 1 4 1 4 1 4 1 4 1 4 
-62 5 0 5 0 4 1 4 1 2 3 2 3 2 3 2 3 2 3 2 3 0 5 0 5 
90 5 0 5 0 4 1 4 1 2 3 2 3 2 3 2 3 2 3 1 4 1 4 0 5 
-39 5 0 5 0 4 1 4 1 2 3 2 3 2 3 2 3 1 4 1 4 1 4 1 4 
28 5 0 5 0 4 1 3 2 3 2 3 2 3 2 3 2 1 4 0 5 0 5 0 5 
-54 5 0 5 0 4 1 3 2 3 2 3 2 3 2 2 3 2 3 0 5 0 5 0 5 
48 5 0 5 0 4 1 3 2 3 2 3 2 3 2 2 3 1 4 1 4 0 5 0 5 
-112 5 0 5 0 4 1 3 2 3 2 3 2 3 2 1 4 1 4 1 4 1 4 0 5 
-82 5 0 5 0 4 1 3 2 3 2 3 2 2 3 2 3 2 3 1 4 0 5 0 5 
170 5 0 5 0 4 1 3 2 3 2 3 2 2 3 2 3 1 4 1 4 1 4 0 5 
104 5 0 5 0 4 1 3 2 3 2 3 2 2 3 1 4 1 4 1 4 1 4 1 4 
108 5 0 5 0 4 1 3 2 3 2 2 3 2 3 2 3 2 3 2 3 0 5 0 5 
42 5 0 5 0 4 1 3 2 3 2 2 3 2 3 2 3 2 3 1 4 1 4 0 5 
-298 5 0 5 0 4 1 3 2 3 2 2 3 2 3 2 3 1 4 1 4 1 4 1 4 
-242 5 0 5 0 4 1 3 2 2 3 2 3 2 3 2 3 2 3 2 3 1 4 0 5 
294 5 0 5 0 4 1 3 2 2 3 2 3 2 3 2 3 2 3 1 4 1 4 1 4 
72 5 0 5 0 4 1 2 3 2 3 2 3 2 3 2 3 2 3 2 3 2 3 0 5 
-78 5 0 5 0 4 1 2 3 2 3 2 3 2 3 2 3 2 3 2 3 1 4 1 4 
6 5 0 5 0 3 2 3 2 3 2 3 2 3 2 3 2 2 3 0 5 0 5 0 5 
-62 5 0 5 0 3 2 3 2 3 2 3 2 3 2 3 2 1 4 1 4 0 5 0 5 
108 5 0 5 0 3 2 3 2 3 2 3 2 3 2 2 3 2 3 1 4 0 5 0 5 
164 5 0 5 0 3 2 3 2 3 2 3 2 3 2 2 3 1 4 1 4 1 4 0 5 
24 5 0 5 0 3 2 3 2 3 2 3 2 3 2 1 4 1 4 1 4 1 4 1 4 
-63 5 0 5 0 3 2 3 2 3 2 3 2 2 3 2 3 2 3 2 3 0 5 0 5 
-394 5 0 5 0 3 2 3 2 3 2 3 2 2 3 2 3 2 3 1 4 1 4 0 5 
-194 5 0 5 0 3 2 3 2 3 2 3 2 2 3 2 3 1 4 1 4 1 4 1 4 
324 5 0 5 0 3 2 3 2 3 2 2 3 2 3 2 3 2 3 2 3 1 4 0 5 
440 5 0 5 0 3 2 3 2 3 2 2 3 2 3 2 3 2 3 1 4 1 4 1 4 
-78 5 0 5 0 3 2 3 2 2 3 2 3 2 3 2 3 2 3 2 3 2 3 0 5 
-428 5 0 5 0 3 2 3 2 2 3 2 3 2 3 2 3 2 3 2 3 1 4 1 4 
180 5 0 5 0 3 2 2 3 2 3 2 3 2 3 2 3 2 3 2 3 2 3 1 4 
-27 5 0 5 0 2 3 2 3 2 3 2 3 2 3 2 3 2 3 2 3 2 3 2 3 
-14 5 0 4 1 4 1 4 1 4 1 4 1 3 2 2 3 0 5 0 5 0 5 0 5 
14 5 0 4 1 4 1 4 1 4 1 4 1 3 2 1 4 1 4 0 5 0 5 0 5 
32 5 0 4 1 4 1 4 1 4 1 4 1 2 3 2 3 1 4 0 5 0 5 0 5 
-50 5 0 4 1 4 1 4 1 4 1 4 1 2 3 1 4 1 4 1 4 0 5 0 5 
18 5 0 4 1 4 1 4 1 4 1 4 1 1 4 1 4 1 4 1 4 1 4 0 5 
10 5 0 4 1 4 1 4 1 4 1 3 2 3 2 3 2 0 5 0 5 0 5 0 5 
30 5 0 4 1 4 1 4 1 4 1 3 2 3 2 2 3 1 4 0 5 0 5 0 5 
-60 5 0 4 1 4 1 4 1 4 1 3 2 3 2 1 4 1 4 1 4 0 5 0 5 
-16 5 0 4 1 4 1 4 1 4 1 3 2 2 3 2 3 2 3 0 5 0 5 0 5 
48 5 0 4 1 4 1 4 1 4 1 3 2 2 3 2 3 1 4 1 4 0 5 0 5 
-38 5 0 4 1 4 1 4 1 4 1 3 2 2 3 1 4 1 4 1 4 1 4 0 5 
36 5 0 4 1 4 1 4 1 4 1 3 2 1 4 1 4 1 4 1 4 1 4 1 4 
-112 5 0 4 1 4 1 4 1 4 1 2 3 2 3 2 3 2 3 1 4 0 5 0 5 
204 5 0 4 1 4 1 4 1 4 1 2 3 2 3 2 3 1 4 1 4 1 4 0 5 
-102 5 0 4 1 4 1 4 1 4 1 2 3 2 3 1 4 1 4 1 4 1 4 1 4 
-50 5 0 4 1 4 1 4 1 3 2 3 2 3 2 3 2 1 4 0 5 0 5 0 5 
-46 5 0 4 1 4 1 4 1 3 2 3 2 3 2 2 3 2 3 0 5 0 5 0 5 
2 5 0 4 1 4 1 4 1 3 2 3 2 3 2 2 3 1 4 1 4 0 5 0 5 
204 5 0 4 1 4 1 4 1 3 2 3 2 3 2 1 4 1 4 1 4 1 4 0 5 
170 5 0 4 1 4 1 4 1 3 2 3 2 2 3 2 3 2 3 1 4 0 5 0 5 
-42 5 0 4 1 4 1 4 1 3 2 3 2 2 3 2 3 1 4 1 4 1 4 0 5 
-308 5 0 4 1 4 1 4 1 3 2 3 2 2 3 1 4 1 4 1 4 1 4 1 4 
164 5 0 4 1 4 1 4 1 3 2 2 3 2 3 2 3 2 3 2 3 0 5 0 5 
-674 5 0 4 1 4 1 4 1 3 2 2 3 2 3 2 3 2 3 1 4 1 4 0 5 
590 5 0 4 1 4 1 4 1 3 2 2 3 2 3 2 3 1 4 1 4 1 4 1 4 
128 5 0 4 1 4 1 4 1 2 3 2 3 2 3 2 3 2 3 2 3 1 4 0 5 
-138 5 0 4 1 4 1 4 1 2 3 2 3 2 3 2 3 2 3 1 4 1 4 1 4 
70 5 0 4 1 4 1 3 2 3 2 3 2 3 2 3 2 2 3 0 5 0 5 0 5 
90 5 0 4 1 4 1 3 2 3 2 3 2 3 2 3 2 1 4 1 4 0 5 0 5 
42 5 0 4 1 4 1 3 2 3 2 3 2 3 2 2 3 2 3 1 4 0 5 0 5 
-674 5 0 4 1 4 1 3 2 3 2 3 2 3 2 2 3 1 4 1 4 1 4 0 5 
4 5 0 4 1 4 1 3 2 3 2 3 2 3 2 1 4 1 4 1 4 1 4 1 4 
-394 5 0 4 1 4 1 3 2 3 2 3 2 2 3 2 3 2 3 2 3 0 5 0 5 
714 5 0 4 1 4 1 3 2 3 2 3 2 2 3 2 3 2 3 1 4 1 4 0 5 
652 5 0 4 1 4 1 3 2 3 2 3 2 2 3 2 3 1 4 1 4 1 4 1 4 
498 5 0 4 1 4 1 3 2 3 2 2 3 2 3 2 3 2 3 2 3 1 4 0 5 
-1246 5 0 4 1 4 1 3 2 3 2 2 3 2 3 2 3 2 3 1 4 1 4 1 4 
-224 5 0 4 1 4 1 3 2 2 3 2 3 2 3 2 3 2 3 2 3 2 3 0 5 
516 5 0 4 1 4 1 3 2 2 3 2 3 2 3 2 3 2 3 2 3 1 4 1 4 
-48 5 0 4 1 4 1 2 3 2 3 2 3 2 3 2 3 2 3 2 3 2 3 1 4 
-18 5 0 4 1 3 2 3 2 3 2 3 2 3 2 3 2 3 2 0 5 0 5 0 5 
-242 5 0 4 1 3 2 3 2 3 2 3 2 3 2 3 2 2 3 1 4 0 5 0 5 
128 5 0 4 1 3 2 3 2 3 2 3 2 3 2 3 2 1 4 1 4 1 4 0 5 
324 5 0 4 1 3 2 3 2 3 2 3 2 3 2 2 3 2 3 2 3 0 5 0 5 
498 5 0 4 1 3 2 3 2 3 2 3 2 3 2 2 3 2 3 1 4 1 4 0 5 
-136 5 0 4 1 3 2 3 2 3 2 3 2 3 2 2 3 1 4 1 4 1 4 1 4 
-1078 5 0 4 1 3 2 3 2 3 2 3 2 2 3 2 3 2 3 2 3 1 4 0 5 
-206 5 0 4 1 3 2 3 2 3 2 3 2 2 3 2 3 2 3 1 4 1 4 1 4 
342 5 0 4 1 3 2 3 2 3 2 2 3 2 3 2 3 2 3 2 3 2 3 0 5 
804 5 0 4 1 3 2 3 2 3 2 2 3 2 3 2 3 2 3 2 3 1 4 1 4 
-506 5 0 4 1 3 2 3 2 2 3 2 3 2 3 2 3 2 3 2 3 2 3 1 4 
90 5 0 4 1 3 2 2 3 2 3 2 3 2 3 2 3 2 3 2 3 2 3 2 3 
72 5 0 3 2 3 2 3 2 3 2 3 2 3 2 3 2 3 2 1 4 0 5 0 5 
-78 5 0 3 2 3 2 3 2 3 2 3 2 3 2 3 2 2 3 2 3 0 5 0 5 
-224 5 0 3 2 3 2 3 2 3 2 3 2 3 2 3 2 2 3 1 4 1 4 0 5 
-16 5 0 3 2 3 2 3 2 3 2 3 2 3 2 3 2 1 4 1 4 1 4 1 4 
342 5 0 3 2 3 2 3 2 3 2 3 2 3 2 2 3 2 3 2 3 1 4 0 5 
220 5 0 3 2 3 2 3 2 3 2 3 2 3 2 2 3 2 3 1 4 1 4 1 4 
-106 5 0 3 2 3 2 3 2 3 2 3 2 2 3 2 3 2 3 2 3 2 3 0 5 
-392 5 0 3 2 3 2 3 2 3 2 3 2 2 3 2 3 2 3 2 3 1 4 1 4 
222 5 0 3 2 3 2 3 2 3 2 2 3 2 3 2 3 2 3 2 3 2 3 1 4 
-40 5 0 3 2 3 2 3 2 2 3 2 3 2 3 2 3 2 3 2 3 2 3 2 3 
4 4 1 4 1 4 1 4 1 4 1 4 1 4 1 2 3 0 5 0 5 0 5 0 5 
-4 4 1 4 1 4 1 4 1 4 1 4 1 4 1 1 4 1 4 0 5 0 5 0 5 
-3 4 1 4 1 4 1 4 1 4 1 4 1 3 2 3 2 0 5 0 5 0 5 0 5 
-24 4 1 4 1 4 1 4 1 4 1 4 1 3 2 2 3 1 4 0 5 0 5 0 5 
30 4 1 4 1 4 1 4 1 4 1 4 1 3 2 1 4 1 4 1 4 0 5 0 5 
-16 4 1 4 1 4 1 4 1 4 1 4 1 2 3 2 3 2 3 0 5 0 5 0 5 
4 4 1 4 1 4 1 4 1 4 1 4 1 2 3 2 3 1 4 1 4 0 5 0 5 
36 4 1 4 1 4 1 4 1 4 1 4 1 2 3 1 4 1 4 1 4 1 4 0 5 
-27 4 1 4 1 4 1 4 1 4 1 4 1 1 4 1 4 1 4 1 4 1 4 1 4 
22 4 1 4 1 4 1 4 1 4 1 3 2 3 2 3 2 1 4 0 5 0 5 0 5 
60 4 1 4 1 4 1 4 1 4 1 3 2 3 2 2 3 2 3 0 5 0 5 0 5 
-6 4 1 4 1 4 1 4 1 4 1 3 2 3 2 2 3 1 4 1 4 0 5 0 5 
-102 4 1 4 1 4 1 4 1 4 1 3 2 3 2 1 4 1 4 1 4 1 4 0 5 
104 4 1 4 1 4 1 4 1 4 1 3 2 2 3 2 3 2 3 1 4 0 5 0 5 
-308 4 1 4 1 4 1 4 1 4 1 3 2 2 3 2 3 1 4 1 4 1 4 0 5 
234 4 1 4 1 4 1 4 1 4 1 3 2 2 3 1 4 1 4 1 4 1 4 1 4 
24 4 1 4 1 4 1 4 1 4 1 2 3 2 3 2 3 2 3 2 3 0 5 0 5 
4 4 1 4 1 4 1 4 1 4 1 2 3 2 3 2 3 2 3 1 4 1 4 0 5 
-32 4 1 4 1 4 1 4 1 4 1 2 3 2 3 2 3 1 4 1 4 1 4 1 4 
-56 4 1 4 1 4 1 4 1 3 2 3 2 3 2 3 2 2 3 0 5 0 5 0 5 
-39 4 1 4 1 4 1 4 1 3 2 3 2 3 2 3 2 1 4 1 4 0 5 0 5 
-298 4 1 4 1 4 1 4 1 3 2 3 2 3 2 2 3 2 3 1 4 0 5 0 5 
590 4 1 4 1 4 1 4 1 3 2 3 2 3 2 2 3 1 4 1 4 1 4 0 5 
-32 4 1 4 1 4 1 4 1 3 2 3 2 3 2 1 4 1 4 1 4 1 4 1 4 
-194 4 1 4 1 4 1 4 1 3 2 3 2 2 3 2 3 2 3 2 3 0 5 0 5 
652 4 1 4 1 4 1 4 1 3 2 3 2 2 3 2 3 2 3 1 4 1 4 0 5 
-713 4 1 4 1 4 1 4 1 3 2 3 2 2 3 2 3 1 4 1 4 1 4 1 4 
-136 4 1 4 1 4 1 4 1 3 2 2 3 2 3 2 3 2 3 2 3 1 4 0 5 
246 4 1 4 1 4 1 4 1 3 2 2 3 2 3 2 3 2 3 1 4 1 4 1 4 
-16 4 1 4 1 4 1 4 1 2 3 2 3 2 3 2 3 2 3 2 3 2 3 0 5 
-4 4 1 4 1 4 1 4 1 2 3 2 3 2 3 2 3 2 3 2 3 1 4 1 4 
14 4 1 4 1 4 1 3 2 3 2 3 2 3 2 3 2 3 2 0 5 0 5 0 5 
294 4 1 4 1 4 1 3 2 3 2 3 2 3 2 3 2 2 3 1 4 0 5 0 5 
-138 4 1 4 1 4 1 3 2 3 2 3 2 3 2 3 2 1 4 1 4 1 4 0 5 
440 4 1 4 1 4 1 3 2 3 2 3 2 3 2 2 3 2 3 2 3 0 5 0 5 
-1246 4 1 4 1 4 1 3 2 3 2 3 2 3 2 2 3 2 3 1 4 1 4 0 5 
246 4 1 4 1 4 1 3 2 3 2 3 2 3 2 2 3 1 4 1 4 1 4 1 4 
-206 4 1 4 1 4 1 3 2 3 2 3 2 2 3 2 3 2 3 2 3 1 4 0 5 
866 4 1 4 1 4 1 3 2 3 2 3 2 2 3 2 3 2 3 1 4 1 4 1 4 
220 4 1 4 1 4 1 3 2 3 2 2 3 2 3 2 3 2 3 2 3 2 3 0 5 
-550 4 1 4 1 4 1 3 2 3 2 2 3 2 3 2 3 2 3 2 3 1 4 1 4 
56 4 1 4 1 4 1 3 2 2 3 2 3 2 3 2 3 2 3 2 3 2 3 1 4 
4 4 1 4 1 4 1 2 3 2 3 2 3 2 3 2 3 2 3 2 3 2 3 2 3 
-78 4 1 4 1 3 2 3 2 3 2 3 2 3 2 3 2 3 2 1 4 0 5 0 5 
-428 4 1 4 1 3 2 3 2 3 2 3 2 3 2 3 2 2 3 2 3 0 5 0 5 
516 4 1 4 1 3 2 3 2 3 2 3 2 3 2 3 2 2 3 1 4 1 4 0 5 
-4 4 1 4 1 3 2 3 2 3 2 3 2 3 2 3 2 1 4 1 4 1 4 1 4 
804 4 1 4 1 3 2 3 2 3 2 3 2 3 2 2 3 2 3 2 3 1 4 0 5 
-550 4 1 4 1 3 2 3 2 3 2 3 2 3 2 2 3 2 3 1 4 1 4 1 4 
-392 4 1 4 1 3 2 3 2 3 2 3 2 2 3 2 3 2 3 2 3 2 3 0 5 
-139 4 1 4 1 3 2 3 2 3 2 3 2 2 3 2 3 2 3 2 3 1 4 1 4 
354 4 1 4 1 3 2 3 2 3 2 2 3 2 3 2 3 2 3 2 3 2 3 1 4 
-83 4 1 4 1 3 2 3 2 2 3 2 3 2 3 2 3 2 3 2 3 2 3 2 3 
180 4 1 3 2 3 2 3 2 3 2 3 2 3 2 3 2 3 2 2 3 0 5 0 5 
-48 4 1 3 2 3 2 3 2 3 2 3 2 3 2 3 2 3 2 1 4 1 4 0 5 
-506 4 1 3 2 3 2 3 2 3 2 3 2 3 2 3 2 2 3 2 3 1 4 0 5 
56 4 1 3 2 3 2 3 2 3 2 3 2 3 2 3 2 2 3 1 4 1 4 1 4 
222 4 1 3 2 3 2 3 2 3 2 3 2 3 2 2 3 2 3 2 3 2 3 0 5 
354 4 1 3 2 3 2 3 2 3 2 3 2 3 2 2 3 2 3 2 3 1 4 1 4 
-330 4 1 3 2 3 2 3 2 3 2 3 2 2 3 2 3 2 3 2 3 2 3 1 4 
72 4 1 3 2 3 2 3 2 3 2 2 3 2 3 2 3 2 3 2 3 2 3 2 3 
-27 3 2 3 2 3 2 3 2 3 2 3 2 3 2 3 2 3 2 3 2 0 5 0 5 
90 3 2 3 2 3 2 3 2 3 2 3 2 3 2 3 2 3 2 2 3 1 4 0 5 
4 3 2 3 2 3 2 3 2 3 2 3 2 3 2 3 2 3 2 1 4 1 4 1 4 
-40 3 2 3 2 3 2 3 2 3 2 3 2 3 2 3 2 2 3 2 3 2 3 0 5 
-83 3 2 3 2 3 2 3 2 3 2 3 2 3 2 3 2 2 3 2 3 1 4 1 4 
72 3 2 3 2 3 2 3 2 3 2 3 2 3 2 2 3 2 3 2 3 2 3 1 4 
-16 3 2 3 2 3 2 3 2 3 2 3 2 2 3 2 3 2 3 2 3 2 3 2 3 

