1.png 0.600000 0.800000 0.800000 0.800000 0.205128 0.487179 0.051282 0.128205 0.162500 0.200000 0.800000 1.000000 0.800000 0.651163 0.069767 0.000000 0.093023 0.179167 0.600000 0.600000 0.800000 0.800000 0.195122 0.512195 0.048780 0.048780 0.170833 0.400000 0.800000 0.800000 0.600000 0.465116 0.069767 0.046512 0.162791 0.179167 0.600000 0.400000 0.800000 1.000000 0.428571 0.404762 0.023810 0.000000 0.175000 0.600000 0.400000 0.800000 0.800000 0.473684 0.210526 0.052632 0.052632 0.158333 1.000000 
10.png 0.600000 0.600000 0.600000 0.600000 0.139535 0.441860 0.116279 0.116279 0.223958 0.000000 0.800000 0.800000 1.000000 0.534884 0.209302 0.093023 0.000000 0.223958 1.000000 0.600000 0.800000 0.800000 0.000000 0.617647 0.088235 0.176471 0.177083 0.600000 1.000000 0.800000 0.800000 0.756098 0.000000 0.073171 0.073171 0.213542 0.600000 0.400000 0.600000 0.800000 0.190476 0.404762 0.071429 0.047619 0.218750 0.600000 0.600000 1.000000 0.600000 0.410256 0.179487 0.000000 0.256410 0.203125 2.000000 
106.png 0.800000 0.400000 0.600000 0.800000 0.081081 0.540541 0.054054 0.108108 0.195767 0.600000 0.600000 0.800000 0.800000 0.214286 0.500000 0.023810 0.023810 0.222222 1.000000 0.400000 0.800000 0.800000 0.000000 0.526316 0.105263 0.078947 0.201058 0.600000 1.000000 0.400000 0.800000 0.441176 0.000000 0.264706 0.117647 0.179894 0.800000 0.400000 1.000000 1.000000 0.100000 0.550000 0.000000 0.000000 0.211640 0.600000 0.400000 0.800000 0.600000 0.465116 0.116279 0.093023 0.116279 0.227513 -2.000000 
108.png 1.000000 0.200000 0.600000 0.600000 0.000000 0.600000 0.060000 0.140000 0.208333 0.400000 0.800000 0.400000 0.800000 0.425000 0.025000 0.200000 0.025000 0.166667 1.000000 0.600000 0.800000 0.800000 0.000000 0.760000 0.040000 0.100000 0.208333 0.800000 1.000000 0.600000 0.600000 0.534884 0.000000 0.093023 0.186047 0.179167 1.000000 -0.200000 1.000000 1.000000 0.000000 0.804348 0.000000 0.000000 0.191667 0.600000 0.400000 0.600000 0.800000 0.346939 0.244898 0.102041 0.102041 0.204167 0.000000 
111.png 0.400000 0.400000 0.800000 0.600000 0.224138 0.500000 0.017241 0.086207 0.219697 0.400000 0.400000 0.800000 1.000000 0.245614 0.543860 0.070175 0.000000 0.215909 0.800000 0.800000 0.800000 0.800000 0.300000 0.325000 0.050000 0.225000 0.151515 0.600000 0.800000 0.400000 0.800000 0.603448 0.155172 0.068966 0.051724 0.219697 0.800000 0.000000 0.800000 1.000000 0.040000 0.640000 0.120000 0.000000 0.189394 0.600000 0.400000 0.800000 0.800000 0.375000 0.208333 0.020833 0.229167 0.181818 1.000000 
114.png 0.800000 0.600000 0.600000 0.800000 0.071429 0.595238 0.095238 0.071429 0.194444 0.200000 0.800000 0.800000 1.000000 0.377778 0.200000 0.266667 0.000000 0.208333 1.000000 0.400000 0.800000 0.800000 0.000000 0.666667 0.044444 0.177778 0.208333 0.200000 1.000000 0.800000 0.800000 0.796296 0.000000 0.037037 0.055556 0.250000 1.000000 0.200000 0.800000 0.800000 0.000000 0.511111 0.155556 0.177778 0.208333 0.800000 0.600000 0.800000 1.000000 0.617647 0.176471 0.088235 0.000000 0.157407 1.000000 
117.png 0.800000 0.800000 0.800000 0.800000 0.148148 0.555556 0.037037 0.111111 0.187500 0.600000 0.800000 0.800000 0.800000 0.392857 0.250000 0.107143 0.071429 0.194444 1.000000 0.800000 0.600000 0.800000 0.000000 0.560000 0.160000 0.080000 0.173611 0.600000 1.000000 0.800000 0.800000 0.709677 0.000000 0.064516 0.096774 0.215278 1.000000 0.400000 0.800000 0.800000 0.000000 0.545455 0.136364 0.090909 0.152778 0.800000 0.600000 0.800000 0.800000 0.555556 0.111111 0.037037 0.074074 0.187500 0.000000 
118.png 0.800000 0.800000 0.800000 0.800000 0.129032 0.548387 0.032258 0.129032 0.184524 0.200000 0.800000 1.000000 0.800000 0.580645 0.161290 0.000000 0.064516 0.184524 0.800000 0.800000 0.800000 0.800000 0.107143 0.535714 0.178571 0.035714 0.166667 0.600000 1.000000 0.600000 0.600000 0.296296 0.000000 0.259259 0.185185 0.160714 0.800000 0.400000 1.000000 1.000000 0.068966 0.758621 0.000000 0.000000 0.172619 0.800000 0.600000 0.800000 0.600000 0.441176 0.264706 0.029412 0.058824 0.202381 -1.000000 
120.png 0.800000 0.800000 0.600000 0.800000 0.138889 0.500000 0.083333 0.138889 0.166667 0.800000 0.800000 0.800000 0.800000 0.292683 0.390244 0.024390 0.073171 0.189815 0.800000 0.600000 0.800000 0.800000 0.071429 0.666667 0.071429 0.047619 0.194444 0.600000 1.000000 0.800000 0.800000 0.657143 0.000000 0.085714 0.142857 0.162037 1.000000 0.200000 0.800000 1.000000 0.000000 0.729730 0.027027 0.000000 0.171296 0.600000 0.200000 0.600000 0.800000 0.340426 0.340426 0.063830 0.042553 0.217593 0.000000 
122.png 0.800000 0.600000 0.800000 0.600000 0.085714 0.457143 0.114286 0.142857 0.182292 0.400000 0.600000 0.600000 1.000000 0.272727 0.303030 0.212121 0.000000 0.171875 1.000000 0.800000 0.600000 0.800000 0.000000 0.645161 0.161290 0.064516 0.161458 0.800000 0.800000 0.800000 0.800000 0.256410 0.076923 0.076923 0.076923 0.203125 1.000000 0.400000 0.800000 1.000000 0.000000 0.629630 0.185185 0.000000 0.140625 0.800000 0.800000 0.600000 0.600000 0.212121 0.121212 0.363636 0.121212 0.171875 -1.000000 
123.png 0.400000 0.600000 0.800000 0.800000 0.238095 0.452381 0.047619 0.071429 0.172840 0.000000 0.800000 0.600000 0.800000 0.387755 0.163265 0.122449 0.040816 0.201646 0.800000 0.600000 0.600000 0.800000 0.025000 0.500000 0.150000 0.075000 0.164609 0.600000 1.000000 0.800000 0.800000 0.722222 0.000000 0.083333 0.083333 0.148148 0.400000 0.400000 0.800000 0.800000 0.255814 0.348837 0.116279 0.046512 0.176955 0.600000 0.600000 0.800000 0.600000 0.490566 0.188679 0.056604 0.094340 0.218107 -1.000000 
13.png 0.600000 0.600000 0.800000 0.800000 0.222222 0.407407 0.037037 0.111111 0.187500 0.600000 0.800000 0.600000 1.000000 0.444444 0.111111 0.185185 0.000000 0.187500 0.800000 0.600000 0.800000 0.800000 0.100000 0.633333 0.066667 0.033333 0.208333 0.800000 1.000000 0.800000 0.800000 0.714286 0.000000 0.071429 0.107143 0.194444 0.600000 0.600000 0.600000 1.000000 0.258065 0.419355 0.096774 0.000000 0.215278 0.600000 0.400000 0.800000 0.800000 0.464286 0.178571 0.035714 0.035714 0.194444 2.000000 
130.png 0.800000 0.800000 0.600000 0.800000 0.103448 0.586207 0.068966 0.068966 0.172619 0.600000 0.400000 1.000000 1.000000 0.281250 0.531250 0.000000 0.000000 0.190476 0.600000 0.800000 0.800000 0.600000 0.129032 0.548387 0.064516 0.064516 0.184524 0.600000 1.000000 0.800000 0.800000 0.733333 0.000000 0.066667 0.066667 0.178571 1.000000 0.000000 0.600000 0.800000 0.000000 0.617647 0.088235 0.029412 0.202381 0.800000 0.600000 0.800000 0.800000 0.535714 0.214286 0.035714 0.035714 0.166667 1.000000 
131.png 0.800000 0.800000 0.600000 0.800000 0.121212 0.545455 0.060606 0.121212 0.171875 0.800000 0.400000 1.000000 1.000000 0.166667 0.690476 0.000000 0.000000 0.218750 0.600000 0.600000 0.800000 0.800000 0.161290 0.483871 0.129032 0.032258 0.161458 0.600000 0.800000 0.800000 0.800000 0.531250 0.062500 0.125000 0.125000 0.166667 0.800000 0.400000 1.000000 0.800000 0.394737 0.394737 0.000000 0.026316 0.197917 0.800000 0.600000 0.400000 0.800000 0.432432 0.216216 0.135135 0.027027 0.192708 0.000000 
133.png 0.800000 0.600000 1.000000 0.800000 0.142857 0.642857 0.000000 0.095238 0.194444 0.600000 0.600000 0.800000 1.000000 0.255319 0.574468 0.021277 0.000000 0.217593 0.800000 -0.200000 0.800000 0.800000 0.040816 0.673469 0.061224 0.040816 0.226852 0.600000 0.800000 0.800000 0.800000 0.638889 0.027778 0.083333 0.111111 0.166667 0.800000 -0.400000 0.800000 0.800000 0.039216 0.490196 0.039216 0.039216 0.236111 0.400000 0.200000 0.600000 1.000000 0.392157 0.294118 0.058824 0.000000 0.236111 -1.000000 
134.png 0.800000 0.800000 0.600000 0.800000 0.111111 0.527778 0.083333 0.138889 0.166667 0.800000 0.600000 0.800000 0.800000 0.184211 0.605263 0.026316 0.026316 0.175926 0.800000 0.600000 0.800000 0.800000 0.078947 0.684211 0.052632 0.052632 0.175926 0.600000 0.800000 0.800000 0.800000 0.617647 0.029412 0.058824 0.147059 0.157407 0.800000 0.200000 1.000000 1.000000 0.125000 0.650000 0.000000 0.000000 0.185185 0.800000 0.600000 0.400000 0.800000 0.432432 0.243243 0.081081 0.054054 0.171296 2.000000 
135.png 0.800000 0.800000 0.800000 0.800000 0.102041 0.714286 0.040816 0.061224 0.204167 0.400000 0.800000 0.800000 0.800000 0.439024 0.292683 0.048780 0.048780 0.170833 0.600000 0.400000 0.600000 0.600000 0.173913 0.347826 0.130435 0.130435 0.191667 0.400000 0.800000 0.600000 0.800000 0.600000 0.036364 0.090909 0.054545 0.229167 0.800000 0.200000 0.600000 0.600000 0.282609 0.369565 0.065217 0.043478 0.191667 0.800000 0.600000 0.800000 0.600000 0.416667 0.138889 0.055556 0.166667 0.150000 0.000000 
136.png 0.600000 0.400000 0.800000 0.600000 0.068966 0.500000 0.086207 0.120690 0.241667 0.400000 0.400000 0.800000 0.800000 0.431818 0.318182 0.045455 0.022727 0.183333 0.800000 0.600000 0.800000 0.600000 0.130435 0.565217 0.043478 0.086957 0.191667 0.400000 0.600000 0.800000 0.800000 0.600000 0.200000 0.036364 0.036364 0.229167 0.800000 -0.400000 0.600000 0.600000 0.153846 0.480769 0.038462 0.038462 0.216667 0.600000 0.400000 0.600000 0.800000 0.380952 0.095238 0.166667 0.071429 0.175000 0.000000 
14.png 0.600000 0.600000 0.800000 0.800000 0.200000 0.433333 0.033333 0.133333 0.178571 0.000000 0.800000 0.800000 1.000000 0.545455 0.090909 0.090909 0.000000 0.196429 0.600000 0.600000 0.800000 0.600000 0.205882 0.323529 0.117647 0.058824 0.202381 0.600000 1.000000 0.600000 0.600000 0.371429 0.000000 0.257143 0.171429 0.208333 0.400000 0.400000 1.000000 1.000000 0.461538 0.307692 0.000000 0.000000 0.154762 0.400000 0.400000 0.800000 0.800000 0.435897 0.282051 0.025641 0.025641 0.232143 1.000000 
143.png 0.800000 0.600000 0.800000 0.800000 0.138889 0.611111 0.027778 0.055556 0.250000 0.600000 0.600000 0.800000 1.000000 0.413793 0.310345 0.068966 0.000000 0.201389 1.000000 0.800000 0.600000 0.800000 0.000000 0.560000 0.160000 0.080000 0.173611 0.400000 1.000000 0.800000 0.800000 0.727273 0.000000 0.060606 0.060606 0.229167 1.000000 0.200000 0.800000 0.800000 0.000000 0.607143 0.035714 0.035714 0.194444 0.800000 0.600000 1.000000 0.800000 0.555556 0.148148 0.000000 0.074074 0.187500 0.000000 
146.png 0.800000 0.800000 0.800000 0.800000 0.108696 0.673913 0.021739 0.108696 0.212963 0.800000 0.200000 0.600000 1.000000 0.195122 0.439024 0.195122 0.000000 0.189815 1.000000 0.600000 0.800000 0.800000 0.000000 0.836735 0.040816 0.040816 0.226852 0.400000 0.600000 0.800000 0.800000 0.545455 0.113636 0.045455 0.113636 0.203704 1.000000 -0.200000 0.800000 1.000000 0.000000 0.782609 0.021739 0.000000 0.212963 0.600000 0.000000 0.600000 0.800000 0.369565 0.326087 0.043478 0.043478 0.212963 0.000000 
148.png 1.000000 0.600000 0.800000 0.800000 0.000000 0.621622 0.189189 0.081081 0.171296 0.600000 0.600000 0.600000 0.800000 0.131579 0.447368 0.157895 0.052632 0.175926 0.800000 0.800000 0.800000 0.800000 0.088235 0.676471 0.058824 0.058824 0.157407 0.800000 0.600000 0.800000 0.800000 0.195122 0.560976 0.048780 0.073171 0.189815 0.800000 0.200000 0.800000 0.800000 0.028571 0.685714 0.028571 0.057143 0.162037 0.800000 0.800000 0.600000 0.600000 0.235294 0.117647 0.352941 0.117647 0.157407 0.000000 
149.png 0.400000 0.400000 0.800000 0.800000 0.244898 0.448980 0.040816 0.040816 0.204167 0.400000 0.600000 1.000000 0.600000 0.404762 0.285714 0.000000 0.119048 0.175000 0.800000 0.400000 0.600000 0.800000 0.121951 0.512195 0.146341 0.048780 0.170833 0.800000 0.600000 0.800000 0.800000 0.372549 0.411765 0.078431 0.039216 0.212500 0.600000 0.000000 1.000000 0.800000 0.194444 0.527778 0.000000 0.027778 0.150000 0.600000 0.600000 0.800000 0.800000 0.590909 0.181818 0.045455 0.045455 0.183333 3.000000 
156.png 0.600000 0.800000 0.800000 0.800000 0.137931 0.517241 0.068966 0.068966 0.197279 0.400000 0.800000 0.800000 1.000000 0.571429 0.178571 0.035714 0.000000 0.190476 1.000000 0.600000 0.800000 0.800000 0.000000 0.642857 0.071429 0.107143 0.190476 0.400000 1.000000 0.800000 0.800000 0.742857 0.000000 0.057143 0.057143 0.238095 1.000000 0.400000 1.000000 1.000000 0.000000 0.782609 0.000000 0.000000 0.156463 0.400000 0.800000 0.800000 0.600000 0.357143 0.071429 0.107143 0.142857 0.190476 -1.000000 
157.png 1.000000 0.400000 0.800000 0.800000 0.000000 0.710526 0.026316 0.105263 0.258503 0.600000 1.000000 0.800000 1.000000 0.791667 0.000000 0.083333 0.000000 0.163265 1.000000 0.600000 0.800000 0.800000 0.000000 0.520000 0.120000 0.160000 0.170068 0.200000 1.000000 0.800000 0.800000 0.617647 0.000000 0.088235 0.117647 0.231293 1.000000 0.400000 0.800000 0.800000 0.000000 0.478261 0.086957 0.130435 0.156463 0.600000 0.400000 1.000000 0.800000 0.387097 0.290323 0.000000 0.096774 0.210884 -1.000000 
159.png 1.000000 0.600000 1.000000 0.800000 0.000000 0.794118 0.000000 0.117647 0.177083 0.800000 0.600000 0.600000 0.400000 0.119048 0.333333 0.190476 0.166667 0.218750 0.600000 0.800000 0.800000 0.600000 0.114286 0.600000 0.057143 0.057143 0.182292 0.600000 0.800000 0.800000 0.800000 0.555556 0.055556 0.055556 0.111111 0.187500 0.600000 0.200000 0.800000 0.600000 0.108108 0.513514 0.027027 0.054054 0.192708 0.400000 0.200000 1.000000 0.800000 0.358974 0.358974 0.000000 0.025641 0.203125 1.000000 
16.png 0.800000 0.600000 0.800000 0.800000 0.100000 0.575000 0.025000 0.075000 0.208333 -0.200000 0.600000 1.000000 1.000000 0.589744 0.179487 0.000000 0.000000 0.203125 1.000000 0.600000 0.600000 0.800000 0.000000 0.543478 0.086957 0.260870 0.239583 0.600000 1.000000 0.800000 0.800000 0.743590 0.000000 0.076923 0.076923 0.203125 1.000000 -0.200000 1.000000 1.000000 0.000000 0.846154 0.000000 0.000000 0.203125 0.400000 0.200000 0.800000 0.800000 0.355556 0.288889 0.022222 0.111111 0.234375 2.000000 
160.png 1.000000 0.600000 1.000000 0.800000 0.000000 0.800000 0.000000 0.114286 0.208333 0.600000 0.400000 0.800000 0.800000 0.235294 0.235294 0.147059 0.029412 0.202381 0.400000 0.400000 0.800000 0.800000 0.121951 0.512195 0.048780 0.073171 0.244048 0.400000 0.600000 0.800000 0.800000 0.555556 0.083333 0.055556 0.111111 0.214286 0.600000 0.400000 0.800000 0.800000 0.222222 0.388889 0.055556 0.083333 0.214286 0.800000 0.200000 0.800000 0.800000 0.236842 0.315789 0.131579 0.078947 0.226190 -1.000000 
161.png 0.800000 0.600000 0.800000 0.800000 0.105263 0.631579 0.052632 0.078947 0.175926 0.400000 0.600000 0.800000 1.000000 0.404762 0.333333 0.119048 0.000000 0.194444 0.600000 0.400000 0.800000 0.800000 0.142857 0.523810 0.047619 0.047619 0.194444 0.600000 1.000000 0.600000 0.800000 0.760870 0.000000 0.065217 0.065217 0.212963 1.000000 0.200000 1.000000 1.000000 0.000000 0.900000 0.000000 0.000000 0.185185 0.600000 0.600000 0.800000 0.800000 0.542857 0.171429 0.057143 0.057143 0.162037 0.000000 
169.png 0.800000 0.600000 0.800000 0.800000 0.125000 0.593750 0.031250 0.093750 0.197531 0.400000 0.800000 0.600000 1.000000 0.472222 0.250000 0.083333 0.000000 0.222222 0.800000 0.600000 0.800000 0.800000 0.121212 0.636364 0.060606 0.030303 0.203704 0.600000 1.000000 0.800000 0.800000 0.718750 0.000000 0.062500 0.093750 0.197531 1.000000 0.200000 1.000000 1.000000 0.000000 0.878788 0.000000 0.000000 0.203704 0.600000 0.400000 0.600000 0.800000 0.444444 0.222222 0.055556 0.027778 0.222222 0.000000 
17.png 0.400000 0.600000 0.800000 0.800000 0.166667 0.472222 0.055556 0.083333 0.187500 0.600000 0.600000 0.400000 0.600000 0.311111 0.311111 0.111111 0.044444 0.234375 0.600000 0.200000 0.800000 0.800000 0.105263 0.578947 0.052632 0.052632 0.197917 0.400000 0.600000 0.600000 0.800000 0.571429 0.047619 0.071429 0.071429 0.218750 0.200000 0.000000 0.800000 1.000000 0.289474 0.394737 0.052632 0.000000 0.197917 0.400000 0.400000 1.000000 0.800000 0.432432 0.297297 0.000000 0.054054 0.192708 2.000000 
170.png 0.800000 0.800000 0.600000 0.800000 0.117647 0.500000 0.117647 0.117647 0.157407 0.400000 0.400000 1.000000 1.000000 0.240000 0.640000 0.000000 0.000000 0.231481 0.800000 0.800000 0.800000 0.400000 0.147059 0.382353 0.147059 0.117647 0.157407 0.600000 0.600000 0.600000 0.800000 0.411765 0.058824 0.176471 0.117647 0.157407 0.800000 0.200000 1.000000 1.000000 0.175000 0.700000 0.000000 0.000000 0.185185 0.600000 0.200000 0.600000 0.800000 0.372093 0.279070 0.093023 0.023256 0.199074 0.000000 
172.png 0.600000 0.600000 0.800000 0.800000 0.150000 0.525000 0.025000 0.125000 0.166667 0.600000 0.400000 0.600000 1.000000 0.155556 0.488889 0.133333 0.000000 0.187500 0.800000 0.400000 0.800000 0.800000 0.058824 0.705882 0.039216 0.039216 0.212500 0.600000 0.600000 0.800000 0.800000 0.600000 0.075000 0.050000 0.125000 0.166667 0.800000 0.200000 1.000000 0.800000 0.212766 0.574468 0.000000 0.085106 0.195833 0.400000 0.400000 0.800000 0.600000 0.307692 0.192308 0.019231 0.173077 0.216667 0.000000 
174.png 0.200000 0.400000 0.600000 0.800000 0.327586 0.396552 0.068966 0.051724 0.241667 0.000000 0.600000 0.800000 0.800000 0.437500 0.270833 0.020833 0.041667 0.200000 0.600000 0.600000 0.800000 0.800000 0.204082 0.530612 0.040816 0.061224 0.204167 0.200000 0.600000 0.800000 0.800000 0.603774 0.132075 0.037736 0.056604 0.220833 0.600000 -0.400000 0.800000 0.600000 0.175439 0.491228 0.035088 0.052632 0.237500 0.600000 0.600000 0.800000 1.000000 0.733333 0.133333 0.022222 0.000000 0.187500 1.000000 
18.png 0.600000 0.400000 0.400000 0.600000 0.204082 0.204082 0.102041 0.102041 0.226852 0.400000 0.600000 0.800000 1.000000 0.562500 0.083333 0.062500 0.000000 0.222222 0.600000 0.600000 0.800000 0.800000 0.189189 0.513514 0.081081 0.054054 0.171296 0.600000 0.400000 0.400000 0.600000 0.236364 0.127273 0.109091 0.090909 0.254630 0.800000 0.600000 0.800000 1.000000 0.416667 0.375000 0.062500 0.000000 0.222222 0.800000 0.600000 0.800000 0.800000 0.531250 0.187500 0.062500 0.062500 0.148148 -1.000000 
182.png 0.800000 0.600000 0.600000 0.800000 0.105263 0.605263 0.078947 0.052632 0.226190 0.800000 0.600000 1.000000 1.000000 0.135135 0.729730 0.000000 0.000000 0.220238 0.800000 0.800000 0.800000 1.000000 0.241379 0.586207 0.068966 0.000000 0.172619 0.600000 1.000000 0.800000 0.800000 0.750000 0.000000 0.062500 0.062500 0.190476 0.600000 0.400000 0.800000 1.000000 0.325000 0.425000 0.050000 0.000000 0.238095 0.600000 0.400000 0.800000 1.000000 0.545455 0.212121 0.030303 0.000000 0.196429 1.000000 
185.png 0.800000 0.400000 0.800000 0.800000 0.139535 0.581395 0.023256 0.116279 0.179167 0.600000 0.400000 0.800000 1.000000 0.250000 0.541667 0.041667 0.000000 0.200000 0.800000 0.600000 0.800000 0.800000 0.039216 0.803922 0.039216 0.019608 0.212500 0.400000 0.800000 0.800000 0.800000 0.659091 0.045455 0.045455 0.113636 0.183333 0.800000 0.000000 1.000000 0.800000 0.212766 0.553191 0.000000 0.085106 0.195833 0.400000 0.000000 0.600000 0.800000 0.360000 0.320000 0.060000 0.020000 0.208333 1.000000 
186.png 0.800000 0.600000 0.800000 0.800000 0.186047 0.558140 0.046512 0.093023 0.179167 0.800000 0.600000 0.800000 1.000000 0.152174 0.586957 0.086957 0.000000 0.191667 1.000000 0.600000 0.600000 0.600000 0.000000 0.625000 0.125000 0.100000 0.166667 0.600000 0.600000 0.800000 0.600000 0.604651 0.069767 0.046512 0.116279 0.179167 1.000000 0.200000 1.000000 0.800000 0.000000 0.842105 0.000000 0.026316 0.158333 0.600000 0.200000 0.800000 0.800000 0.425532 0.255319 0.021277 0.063830 0.195833 3.000000 
187.png 1.000000 0.600000 0.800000 0.800000 0.000000 0.594595 0.216216 0.081081 0.171296 0.800000 0.600000 0.800000 0.800000 0.081633 0.632653 0.081633 0.081633 0.226852 1.000000 0.800000 0.600000 0.800000 0.000000 0.656250 0.156250 0.062500 0.148148 0.600000 0.800000 0.800000 0.800000 0.478261 0.304348 0.043478 0.065217 0.212963 1.000000 0.000000 0.600000 0.800000 0.000000 0.641026 0.076923 0.025641 0.180556 0.400000 0.800000 0.800000 0.600000 0.222222 0.083333 0.138889 0.305556 0.166667 1.000000 
195.png 0.600000 0.600000 0.600000 0.600000 0.166667 0.250000 0.083333 0.104167 0.197531 0.200000 0.600000 0.600000 0.800000 0.250000 0.340909 0.136364 0.045455 0.181070 1.000000 0.400000 0.800000 0.800000 0.000000 0.681818 0.045455 0.136364 0.181070 0.800000 0.400000 0.800000 0.800000 0.341463 0.219512 0.048780 0.097561 0.168724 0.600000 0.000000 0.600000 0.800000 0.235294 0.450980 0.058824 0.019608 0.209877 0.400000 0.400000 1.000000 0.600000 0.477273 0.181818 0.000000 0.136364 0.181070 0.000000 
198.png 0.600000 0.600000 0.600000 0.400000 0.189655 0.431034 0.051724 0.120690 0.193333 0.200000 0.400000 0.400000 0.600000 0.254237 0.288136 0.101695 0.101695 0.196667 1.000000 0.000000 0.600000 0.800000 0.000000 0.600000 0.072727 0.127273 0.183333 0.400000 1.000000 0.800000 0.800000 0.729167 0.000000 0.062500 0.104167 0.160000 0.800000 -0.400000 0.600000 0.800000 0.018182 0.672727 0.054545 0.036364 0.183333 0.400000 0.400000 0.400000 0.200000 0.411765 0.088235 0.073529 0.191176 0.226667 -1.000000 
2.png 0.600000 0.800000 0.600000 0.800000 0.186047 0.441860 0.116279 0.116279 0.162879 -0.400000 1.000000 0.600000 0.800000 0.661017 0.000000 0.118644 0.050847 0.223485 0.800000 0.800000 0.600000 1.000000 0.176471 0.607843 0.137255 0.000000 0.193182 0.400000 0.600000 0.600000 0.600000 0.433962 0.094340 0.150943 0.113208 0.200758 0.400000 0.400000 0.800000 1.000000 0.422222 0.355556 0.066667 0.000000 0.170455 0.200000 0.400000 0.600000 1.000000 0.555556 0.148148 0.111111 0.000000 0.204545 2.000000 
200.png 0.800000 0.800000 0.800000 0.800000 0.102041 0.714286 0.040816 0.061224 0.204167 0.000000 0.600000 0.600000 1.000000 0.534884 0.139535 0.116279 0.000000 0.179167 0.400000 0.600000 0.800000 0.800000 0.234043 0.446809 0.042553 0.063830 0.195833 0.600000 0.600000 0.800000 0.800000 0.557692 0.230769 0.038462 0.057692 0.216667 0.600000 0.000000 0.400000 1.000000 0.125000 0.520833 0.104167 0.000000 0.200000 0.600000 0.600000 0.800000 0.800000 0.585366 0.121951 0.048780 0.073171 0.170833 1.000000 
208.png 0.600000 0.800000 0.200000 0.600000 0.225000 0.175000 0.250000 0.100000 0.222222 0.200000 0.400000 1.000000 1.000000 0.232558 0.558140 0.000000 0.000000 0.238889 0.800000 0.800000 0.600000 0.800000 0.354839 0.225806 0.161290 0.096774 0.172222 0.400000 0.800000 0.600000 0.800000 0.547619 0.071429 0.095238 0.071429 0.233333 0.800000 0.200000 1.000000 0.800000 0.105263 0.631579 0.000000 0.026316 0.211111 0.600000 0.400000 0.800000 0.800000 0.264706 0.117647 0.029412 0.323529 0.188889 -2.000000 
209.png 0.800000 0.400000 0.600000 0.800000 0.139535 0.418605 0.093023 0.093023 0.179167 0.200000 0.400000 0.800000 0.800000 0.274510 0.352941 0.058824 0.078431 0.212500 1.000000 0.800000 0.600000 0.800000 0.000000 0.533333 0.233333 0.100000 0.125000 0.600000 1.000000 0.600000 0.600000 0.526316 0.000000 0.157895 0.131579 0.158333 0.600000 -0.200000 1.000000 1.000000 0.243902 0.512195 0.000000 0.000000 0.170833 0.400000 0.200000 0.600000 0.800000 0.260870 0.260870 0.152174 0.065217 0.191667 -2.000000 
211.png 0.600000 0.600000 0.600000 0.600000 0.195652 0.369565 0.043478 0.152174 0.174242 0.600000 0.400000 0.600000 0.800000 0.187500 0.375000 0.166667 0.041667 0.181818 1.000000 0.600000 0.800000 0.400000 0.000000 0.648148 0.037037 0.185185 0.204545 0.600000 1.000000 0.800000 0.600000 0.613636 0.000000 0.045455 0.159091 0.166667 0.800000 0.200000 0.200000 0.800000 0.115385 0.403846 0.153846 0.019231 0.196970 0.400000 0.000000 0.600000 0.600000 0.264151 0.301887 0.075472 0.056604 0.200758 -1.000000 
212.png 0.600000 0.400000 0.800000 0.800000 0.222222 0.488889 0.022222 0.111111 0.187500 0.600000 0.400000 0.600000 1.000000 0.166667 0.458333 0.166667 0.000000 0.200000 0.800000 0.400000 0.600000 0.800000 0.042553 0.489362 0.106383 0.212766 0.195833 0.600000 0.800000 0.800000 0.800000 0.657895 0.026316 0.052632 0.131579 0.158333 0.600000 0.000000 0.800000 1.000000 0.191489 0.531915 0.106383 0.000000 0.195833 0.600000 0.200000 0.400000 0.600000 0.173077 0.269231 0.173077 0.115385 0.216667 1.000000 
213.png 0.600000 0.400000 0.600000 0.800000 0.142857 0.482143 0.107143 0.071429 0.188552 0.000000 0.600000 0.800000 1.000000 0.500000 0.310345 0.034483 0.000000 0.195286 0.800000 0.400000 0.600000 0.800000 0.040000 0.520000 0.160000 0.060000 0.168350 0.600000 0.600000 0.200000 0.800000 0.433333 0.166667 0.166667 0.066667 0.202020 0.800000 0.000000 0.800000 1.000000 0.203125 0.656250 0.031250 0.000000 0.215488 0.800000 0.600000 0.800000 1.000000 0.666667 0.153846 0.076923 0.000000 0.131313 0.000000 
221.png 0.800000 0.000000 0.800000 0.800000 0.075000 0.600000 0.025000 0.075000 0.238095 0.600000 0.800000 1.000000 1.000000 0.352941 0.558824 0.000000 0.000000 0.202381 0.800000 0.800000 0.800000 0.800000 0.034483 0.655172 0.068966 0.103448 0.172619 0.800000 0.800000 0.400000 0.800000 0.571429 0.028571 0.114286 0.085714 0.208333 0.800000 0.200000 0.800000 1.000000 0.105263 0.605263 0.078947 0.000000 0.226190 0.600000 0.400000 0.800000 0.800000 0.333333 0.300000 0.033333 0.100000 0.178571 -1.000000 
222.png 1.000000 0.600000 0.800000 0.800000 0.000000 0.652174 0.173913 0.086957 0.243386 0.200000 0.800000 0.600000 1.000000 0.513514 0.189189 0.081081 0.000000 0.195767 1.000000 0.400000 0.800000 0.800000 0.000000 0.515152 0.121212 0.090909 0.174603 0.600000 0.800000 0.800000 0.600000 0.394737 0.157895 0.105263 0.157895 0.201058 1.000000 0.200000 1.000000 1.000000 0.000000 0.885714 0.000000 0.000000 0.185185 0.600000 0.600000 0.600000 0.800000 0.418605 0.255814 0.116279 0.046512 0.227513 -1.000000 
224.png 1.000000 0.000000 0.800000 0.600000 0.000000 0.617021 0.042553 0.127660 0.174074 0.600000 0.600000 0.600000 0.800000 0.355556 0.377778 0.111111 0.022222 0.166667 1.000000 0.600000 0.800000 1.000000 0.000000 0.903846 0.038462 0.000000 0.192593 0.800000 0.800000 0.600000 0.400000 0.418605 0.116279 0.069767 0.209302 0.159259 1.000000 0.000000 1.000000 0.800000 0.000000 0.807692 0.000000 0.038462 0.192593 0.400000 0.400000 0.600000 0.800000 0.489796 0.163265 0.081633 0.122449 0.181481 -2.000000 
226.png 0.400000 0.400000 0.800000 0.800000 0.208333 0.500000 0.020833 0.062500 0.222222 0.000000 0.600000 1.000000 1.000000 0.555556 0.222222 0.000000 0.000000 0.166667 0.800000 0.800000 0.800000 0.800000 0.097561 0.707317 0.048780 0.048780 0.189815 0.600000 1.000000 0.800000 0.800000 0.763158 0.000000 0.052632 0.078947 0.175926 1.000000 0.000000 1.000000 1.000000 0.000000 0.897959 0.000000 0.000000 0.226852 0.600000 0.600000 0.800000 0.800000 0.578947 0.184211 0.026316 0.052632 0.175926 1.000000 
234.png 0.600000 0.600000 1.000000 0.600000 0.156863 0.529412 0.000000 0.156863 0.242857 0.200000 0.800000 0.800000 0.800000 0.420000 0.140000 0.040000 0.160000 0.238095 0.600000 0.600000 0.800000 1.000000 0.220000 0.640000 0.020000 0.000000 0.238095 0.400000 1.000000 0.800000 0.800000 0.870370 0.000000 0.018519 0.018519 0.257143 0.600000 -0.200000 0.600000 1.000000 0.272727 0.436364 0.072727 0.000000 0.261905 0.600000 0.600000 1.000000 0.800000 0.619048 0.190476 0.000000 0.023810 0.200000 -2.000000 
235.png 0.400000 0.600000 0.600000 0.800000 0.456522 0.173913 0.065217 0.086957 0.191667 0.200000 0.200000 1.000000 0.800000 0.235294 0.431373 0.000000 0.039216 0.212500 1.000000 0.800000 0.600000 0.800000 0.000000 0.516129 0.225806 0.096774 0.129167 0.400000 1.000000 0.800000 0.800000 0.648649 0.000000 0.108108 0.108108 0.154167 0.200000 0.000000 0.800000 1.000000 0.279070 0.418605 0.023256 0.000000 0.179167 0.600000 -0.200000 0.600000 0.800000 0.229167 0.291667 0.125000 0.062500 0.200000 0.000000 
237.png 0.600000 0.800000 0.600000 0.800000 0.282609 0.413043 0.065217 0.108696 0.159722 0.800000 0.400000 0.800000 1.000000 0.207547 0.547170 0.075472 0.000000 0.184028 0.800000 0.400000 0.600000 0.800000 0.087719 0.649123 0.070175 0.035088 0.197917 0.600000 0.800000 0.800000 0.800000 0.659091 0.022727 0.068182 0.113636 0.152778 0.600000 0.000000 0.800000 0.800000 0.196078 0.529412 0.019608 0.019608 0.177083 0.200000 0.000000 0.600000 0.600000 0.338983 0.271186 0.050847 0.050847 0.204861 2.000000 
239.png 0.400000 0.600000 0.200000 0.400000 0.154930 0.126761 0.253521 0.211268 0.246528 0.200000 0.400000 1.000000 1.000000 0.661538 0.492308 0.000000 0.000000 0.225694 0.600000 0.600000 0.600000 0.800000 0.160000 0.580000 0.060000 0.060000 0.173611 0.000000 0.800000 0.600000 0.600000 0.521127 0.056338 0.070423 0.126761 0.246528 0.600000 -0.400000 0.800000 0.600000 0.129032 0.612903 0.016129 0.096774 0.215278 0.600000 0.600000 0.800000 0.800000 0.660377 0.094340 0.075472 0.056604 0.184028 -4.000000 
240.png -0.200000 0.200000 0.600000 0.600000 0.372340 0.319149 0.031915 0.042553 0.267806 0.000000 0.400000 0.800000 0.800000 0.434211 0.355263 0.013158 0.013158 0.216524 0.400000 0.200000 0.400000 0.800000 0.178571 0.535714 0.047619 0.023810 0.239316 0.200000 0.000000 0.200000 0.200000 0.285714 0.193878 0.122449 0.142857 0.279202 0.000000 -0.200000 0.800000 1.000000 0.244444 0.400000 0.033333 0.000000 0.256410 0.600000 0.600000 1.000000 1.000000 0.727273 0.181818 0.000000 0.000000 0.188034 -9.000000 
248.png 0.400000 0.400000 0.600000 0.800000 0.239130 0.369565 0.043478 0.108696 0.219048 0.200000 0.400000 0.600000 1.000000 0.276596 0.319149 0.085106 0.000000 0.223810 0.800000 0.600000 0.800000 0.800000 0.142857 0.523810 0.095238 0.023810 0.200000 0.600000 0.800000 0.600000 0.600000 0.400000 0.025000 0.175000 0.200000 0.190476 0.800000 -0.400000 1.000000 1.000000 0.045455 0.727273 0.000000 0.000000 0.209524 0.200000 0.200000 0.800000 0.600000 0.400000 0.280000 0.020000 0.040000 0.238095 -3.000000 
249.png 1.000000 0.600000 0.800000 0.800000 0.000000 0.658537 0.195122 0.048780 0.170833 0.200000 0.400000 0.800000 1.000000 0.240000 0.440000 0.060000 0.000000 0.208333 1.000000 0.600000 0.200000 0.600000 0.000000 0.384615 0.230769 0.179487 0.162500 0.400000 1.000000 0.800000 0.800000 0.777778 0.000000 0.066667 0.044444 0.187500 0.800000 0.000000 0.800000 1.000000 0.023810 0.761905 0.023810 0.000000 0.175000 0.600000 0.600000 0.800000 0.800000 0.435897 0.076923 0.051282 0.128205 0.162500 2.000000 
250.png 0.600000 0.800000 0.800000 0.600000 0.304348 0.434783 0.021739 0.108696 0.174242 0.600000 0.400000 0.600000 0.800000 0.157895 0.368421 0.175439 0.140351 0.215909 1.000000 0.600000 0.400000 0.600000 0.000000 0.557692 0.096154 0.115385 0.196970 0.400000 1.000000 0.800000 0.800000 0.682927 0.000000 0.048780 0.097561 0.155303 0.800000 0.000000 0.800000 0.800000 0.166667 0.555556 0.055556 0.074074 0.204545 0.200000 0.200000 0.600000 0.400000 0.316667 0.216667 0.050000 0.083333 0.227273 1.000000 
252.png 1.000000 0.800000 0.800000 0.600000 0.000000 0.620690 0.068966 0.172414 0.151042 0.600000 0.600000 0.800000 1.000000 0.378378 0.432432 0.054054 0.000000 0.192708 1.000000 0.200000 0.800000 0.800000 0.000000 0.658537 0.048780 0.048780 0.213542 0.800000 1.000000 0.600000 0.800000 0.676471 0.000000 0.117647 0.088235 0.177083 0.800000 0.400000 0.800000 1.000000 0.457143 0.371429 0.028571 0.000000 0.182292 0.800000 0.400000 0.800000 0.800000 0.324324 0.405405 0.054054 0.054054 0.192708 1.000000 
253.png 0.400000 0.800000 0.600000 0.600000 0.205128 0.256410 0.102564 0.102564 0.206349 0.400000 0.600000 0.800000 1.000000 0.428571 0.342857 0.028571 0.000000 0.185185 1.000000 0.600000 0.800000 1.000000 0.000000 0.875000 0.050000 0.000000 0.211640 0.800000 0.800000 0.600000 0.800000 0.558824 0.029412 0.176471 0.088235 0.179894 0.800000 0.000000 0.800000 0.800000 0.139535 0.604651 0.046512 0.023256 0.227513 0.600000 0.200000 1.000000 0.800000 0.405405 0.162162 0.000000 0.189189 0.195767 1.000000 
254.png 1.000000 0.800000 0.800000 0.800000 0.000000 0.593750 0.218750 0.093750 0.166667 0.400000 0.800000 0.800000 1.000000 0.550000 0.175000 0.050000 0.000000 0.208333 1.000000 0.600000 0.800000 0.800000 0.000000 0.690476 0.047619 0.166667 0.218750 0.800000 1.000000 0.800000 0.800000 0.757576 0.000000 0.060606 0.090909 0.171875 1.000000 0.200000 0.800000 1.000000 0.000000 0.846154 0.025641 0.000000 0.203125 0.600000 0.200000 1.000000 0.800000 0.380952 0.261905 0.000000 0.166667 0.218750 1.000000 
255.png 1.000000 0.800000 0.800000 0.800000 0.000000 0.555556 0.222222 0.111111 0.183673 0.600000 0.800000 0.800000 1.000000 0.500000 0.192308 0.076923 0.000000 0.176871 1.000000 0.600000 0.800000 0.800000 0.000000 0.560000 0.080000 0.160000 0.170068 0.800000 1.000000 0.800000 0.800000 0.692308 0.000000 0.076923 0.115385 0.176871 1.000000 0.400000 0.800000 0.800000 0.000000 0.592593 0.074074 0.074074 0.183673 1.000000 0.800000 0.600000 0.600000 0.000000 0.038462 0.500000 0.230769 0.176871 0.000000 
256.png 0.600000 -0.200000 0.200000 0.800000 0.116667 0.350000 0.166667 0.083333 0.200000 0.000000 0.600000 0.600000 0.800000 0.378788 0.333333 0.090909 0.015152 0.220000 1.000000 0.200000 0.400000 0.200000 0.000000 0.500000 0.109375 0.187500 0.213333 0.600000 0.600000 0.600000 0.600000 0.454545 0.127273 0.072727 0.127273 0.183333 0.400000 -0.200000 0.800000 0.800000 0.358974 0.384615 0.051282 0.025641 0.260000 0.200000 0.600000 0.800000 0.600000 0.517857 0.178571 0.035714 0.107143 0.186667 -4.000000 
257.png 0.000000 0.200000 0.600000 0.800000 0.400000 0.266667 0.066667 0.050000 0.208333 0.200000 0.400000 0.800000 1.000000 0.379310 0.448276 0.051724 0.000000 0.201389 0.800000 0.600000 0.600000 1.000000 0.204082 0.591837 0.061224 0.000000 0.170139 0.200000 0.600000 0.600000 0.800000 0.578947 0.105263 0.052632 0.052632 0.197917 0.600000 -0.600000 0.600000 1.000000 0.166667 0.545455 0.090909 0.000000 0.229167 0.600000 0.400000 0.800000 1.000000 0.651163 0.186047 0.023256 0.000000 0.149306 0.000000 
259.png 0.800000 0.600000 0.800000 0.800000 0.085106 0.638298 0.063830 0.106383 0.156667 0.200000 0.400000 0.800000 0.800000 0.338983 0.355932 0.067797 0.016949 0.196667 0.400000 0.400000 0.800000 0.400000 0.137255 0.313725 0.098039 0.176471 0.170000 0.200000 1.000000 0.800000 0.800000 0.659574 0.000000 0.106383 0.106383 0.156667 0.600000 -0.200000 0.800000 0.800000 0.066667 0.683333 0.033333 0.050000 0.200000 0.600000 0.400000 0.600000 0.600000 0.240000 0.220000 0.140000 0.160000 0.166667 0.000000 
260.png 0.800000 0.200000 0.800000 0.800000 0.069444 0.694444 0.055556 0.069444 0.222222 0.400000 0.600000 0.600000 1.000000 0.312500 0.421875 0.093750 0.000000 0.197531 0.600000 0.000000 0.800000 0.600000 0.112903 0.564516 0.032258 0.064516 0.191358 0.400000 0.600000 0.600000 0.800000 0.537037 0.055556 0.148148 0.092593 0.166667 0.600000 -0.800000 1.000000 0.800000 0.194030 0.522388 0.000000 0.029851 0.206790 0.200000 0.200000 0.600000 0.800000 0.556962 0.164557 0.088608 0.012658 0.243827 1.000000 
261.png 1.000000 0.800000 0.800000 0.800000 0.000000 0.384615 0.153846 0.153846 0.270833 0.600000 1.000000 1.000000 1.000000 0.750000 0.000000 0.000000 0.000000 0.166667 1.000000 0.800000 1.000000 1.000000 0.000000 0.909091 0.000000 0.000000 0.229167 0.800000 1.000000 0.800000 0.800000 0.384615 0.000000 0.153846 0.153846 0.270833 1.000000 0.600000 1.000000 1.000000 0.000000 0.750000 0.000000 0.000000 0.166667 0.800000 1.000000 1.000000 1.000000 0.909091 0.000000 0.000000 0.000000 0.229167 0.000000 
262.png 0.800000 0.800000 0.600000 0.800000 0.083333 0.500000 0.083333 0.125000 0.228571 0.600000 1.000000 1.000000 1.000000 0.800000 0.000000 0.000000 0.000000 0.095238 1.000000 0.600000 0.800000 0.800000 0.000000 0.576923 0.076923 0.115385 0.247619 0.800000 1.000000 0.800000 0.800000 0.666667 0.000000 0.083333 0.125000 0.228571 1.000000 0.600000 1.000000 1.000000 0.000000 0.857143 0.000000 0.000000 0.133333 0.800000 0.800000 0.600000 0.800000 0.318182 0.136364 0.181818 0.136364 0.209524 -1.000000 
263.png 1.000000 0.600000 0.800000 0.800000 0.000000 0.600000 0.166667 0.100000 0.238095 0.200000 1.000000 1.000000 1.000000 0.818182 0.000000 0.000000 0.000000 0.174603 1.000000 0.800000 0.800000 0.800000 0.000000 0.640000 0.080000 0.160000 0.198413 0.800000 1.000000 0.800000 0.800000 0.680000 0.000000 0.080000 0.120000 0.198413 0.600000 0.600000 1.000000 1.000000 0.407407 0.370370 0.000000 0.000000 0.214286 0.800000 0.600000 1.000000 1.000000 0.640000 0.240000 0.000000 0.000000 0.198413 1.000000 
264.png 0.800000 0.800000 0.800000 0.800000 0.068966 0.620690 0.034483 0.103448 0.214815 0.800000 0.800000 0.800000 1.000000 0.190476 0.428571 0.238095 0.000000 0.155556 1.000000 0.800000 0.800000 1.000000 0.000000 0.851852 0.074074 0.000000 0.200000 0.800000 1.000000 0.800000 0.800000 0.680000 0.000000 0.080000 0.120000 0.185185 1.000000 0.400000 0.800000 1.000000 0.000000 0.600000 0.240000 0.000000 0.185185 0.800000 0.800000 0.600000 0.600000 0.185185 0.185185 0.111111 0.222222 0.200000 -1.000000 
265.png 1.000000 0.800000 0.800000 0.800000 0.000000 0.741935 0.064516 0.064516 0.258333 0.600000 1.000000 1.000000 1.000000 0.750000 0.000000 0.000000 0.000000 0.066667 1.000000 0.800000 0.800000 1.000000 0.000000 0.866667 0.066667 0.000000 0.250000 1.000000 0.800000 0.800000 0.800000 0.000000 0.730769 0.076923 0.076923 0.216667 1.000000 0.600000 1.000000 1.000000 0.000000 0.900000 0.000000 0.000000 0.166667 0.800000 0.600000 0.800000 0.800000 0.173913 0.478261 0.043478 0.086957 0.191667 0.000000 
266.png 1.000000 0.800000 0.800000 0.600000 0.000000 0.294118 0.176471 0.235294 0.283333 0.800000 1.000000 0.800000 1.000000 0.444444 0.000000 0.333333 0.000000 0.150000 1.000000 0.800000 0.800000 0.800000 0.000000 0.437500 0.125000 0.187500 0.266667 0.800000 1.000000 0.800000 0.600000 0.333333 0.000000 0.111111 0.222222 0.300000 1.000000 0.600000 1.000000 1.000000 0.000000 0.800000 0.000000 0.000000 0.166667 1.000000 1.000000 0.800000 1.000000 0.000000 0.000000 0.857143 0.000000 0.233333 -1.000000 
267.png 1.000000 0.800000 0.800000 0.800000 0.000000 0.541667 0.125000 0.166667 0.190476 0.200000 1.000000 0.800000 1.000000 0.681818 0.000000 0.090909 0.000000 0.174603 1.000000 0.600000 0.800000 0.800000 0.000000 0.461538 0.115385 0.076923 0.206349 0.800000 1.000000 0.800000 0.800000 0.545455 0.000000 0.136364 0.181818 0.174603 0.800000 0.600000 0.800000 1.000000 0.150000 0.550000 0.100000 0.000000 0.158730 0.600000 0.400000 0.600000 0.600000 0.166667 0.233333 0.133333 0.133333 0.238095 0.000000 
268.png 0.600000 0.600000 0.800000 0.800000 0.142857 0.500000 0.035714 0.107143 0.222222 0.200000 0.800000 1.000000 1.000000 0.583333 0.166667 0.000000 0.000000 0.190476 1.000000 0.800000 0.800000 0.800000 0.000000 0.615385 0.076923 0.192308 0.206349 0.800000 0.800000 0.800000 0.800000 0.629630 0.037037 0.074074 0.111111 0.214286 0.600000 0.600000 1.000000 1.000000 0.461538 0.307692 0.000000 0.000000 0.206349 0.800000 0.600000 0.800000 1.000000 0.560000 0.240000 0.040000 0.000000 0.198413 1.000000 
269.png 0.800000 0.800000 0.800000 0.800000 0.050000 0.600000 0.050000 0.100000 0.222222 0.600000 0.800000 1.000000 1.000000 0.571429 0.214286 0.000000 0.000000 0.155556 1.000000 0.800000 0.800000 0.800000 0.000000 0.500000 0.111111 0.166667 0.200000 0.800000 1.000000 0.800000 0.800000 0.611111 0.000000 0.111111 0.111111 0.200000 1.000000 0.400000 1.000000 1.000000 0.000000 0.812500 0.000000 0.000000 0.177778 0.800000 0.800000 0.800000 0.800000 0.444444 0.111111 0.055556 0.166667 0.200000 1.000000 
27.png 1.000000 0.600000 0.600000 0.600000 0.000000 0.571429 0.166667 0.095238 0.250000 0.200000 0.400000 0.800000 0.800000 0.350000 0.225000 0.075000 0.050000 0.238095 1.000000 0.800000 0.600000 0.800000 0.000000 0.535714 0.214286 0.071429 0.166667 0.400000 0.800000 0.800000 0.800000 0.540541 0.108108 0.108108 0.081081 0.220238 1.000000 0.000000 1.000000 1.000000 0.000000 0.833333 0.000000 0.000000 0.178571 0.600000 0.400000 0.800000 0.800000 0.428571 0.190476 0.071429 0.047619 0.250000 -1.000000 
270.png 1.000000 0.800000 0.800000 0.600000 0.000000 0.520000 0.040000 0.200000 0.198413 0.600000 0.800000 1.000000 1.000000 0.434783 0.434783 0.000000 0.000000 0.182540 1.000000 0.800000 0.800000 0.800000 0.000000 0.666667 0.083333 0.083333 0.190476 0.800000 1.000000 0.800000 0.800000 0.652174 0.000000 0.086957 0.130435 0.182540 1.000000 0.400000 1.000000 1.000000 0.000000 0.857143 0.000000 0.000000 0.166667 0.800000 0.400000 1.000000 0.800000 0.407407 0.333333 0.000000 0.074074 0.214286 1.000000 
271.png 1.000000 0.800000 0.800000 0.800000 0.000000 0.576923 0.192308 0.115385 0.206349 0.200000 1.000000 1.000000 1.000000 0.833333 0.000000 0.000000 0.000000 0.190476 0.800000 0.600000 0.800000 0.800000 0.038462 0.653846 0.076923 0.038462 0.206349 0.800000 1.000000 0.800000 0.800000 0.680000 0.000000 0.080000 0.120000 0.198413 0.600000 0.600000 1.000000 1.000000 0.464286 0.392857 0.000000 0.000000 0.222222 0.800000 0.600000 1.000000 0.800000 0.565217 0.217391 0.000000 0.043478 0.182540 1.000000 
272.png 1.000000 0.800000 0.800000 0.800000 0.000000 0.375000 0.312500 0.125000 0.222222 0.400000 1.000000 0.800000 1.000000 0.500000 0.000000 0.071429 0.000000 0.194444 1.000000 0.800000 0.800000 0.800000 0.000000 0.428571 0.142857 0.214286 0.194444 0.800000 1.000000 0.800000 0.800000 0.611111 0.000000 0.111111 0.111111 0.250000 1.000000 0.800000 0.800000 1.000000 0.000000 0.307692 0.307692 0.000000 0.180556 1.000000 1.000000 0.800000 0.800000 0.000000 0.000000 0.230769 0.615385 0.180556 -1.000000 
273.png 1.000000 0.200000 0.800000 0.600000 0.000000 0.485714 0.057143 0.114286 0.208333 0.400000 0.800000 1.000000 1.000000 0.620690 0.241379 0.000000 0.000000 0.172619 0.800000 0.600000 0.800000 0.800000 0.035714 0.607143 0.107143 0.071429 0.166667 0.800000 0.800000 0.600000 0.800000 0.294118 0.176471 0.323529 0.058824 0.202381 0.800000 0.800000 0.800000 0.800000 0.258065 0.387097 0.064516 0.032258 0.184524 0.800000 0.600000 1.000000 0.800000 0.538462 0.230769 0.000000 0.076923 0.154762 -2.000000 
274.png 1.000000 0.800000 0.800000 1.000000 0.000000 0.840000 0.080000 0.000000 0.260417 0.400000 1.000000 1.000000 1.000000 0.750000 0.000000 0.000000 0.000000 0.125000 1.000000 0.800000 1.000000 1.000000 0.000000 0.958333 0.000000 0.000000 0.250000 1.000000 0.800000 0.800000 0.800000 0.000000 0.650000 0.100000 0.100000 0.208333 1.000000 0.800000 1.000000 1.000000 0.000000 0.950000 0.000000 0.000000 0.208333 0.800000 0.600000 1.000000 0.800000 0.285714 0.476190 0.000000 0.047619 0.218750 -1.000000 
275.png 0.800000 0.400000 0.800000 0.800000 0.090909 0.575758 0.030303 0.090909 0.261905 0.400000 1.000000 0.800000 1.000000 0.684211 0.000000 0.105263 0.000000 0.150794 0.800000 0.600000 0.800000 0.800000 0.035714 0.642857 0.071429 0.071429 0.222222 0.800000 1.000000 0.800000 0.800000 0.680000 0.000000 0.080000 0.120000 0.198413 0.600000 0.800000 0.800000 1.000000 0.576923 0.192308 0.038462 0.000000 0.206349 0.800000 0.400000 1.000000 0.800000 0.448276 0.310345 0.000000 0.068966 0.230159 0.000000 
276.png 0.800000 0.800000 0.800000 0.800000 0.076923 0.653846 0.038462 0.076923 0.206349 0.600000 0.800000 1.000000 0.800000 0.280000 0.480000 0.000000 0.040000 0.198413 0.800000 0.800000 0.800000 0.800000 0.041667 0.666667 0.083333 0.041667 0.190476 0.600000 1.000000 0.800000 0.800000 0.724138 0.000000 0.068966 0.068966 0.230159 1.000000 0.400000 1.000000 0.800000 0.000000 0.739130 0.000000 0.043478 0.182540 0.800000 0.600000 0.800000 0.800000 0.434783 0.260870 0.043478 0.043478 0.182540 0.000000 
277.png 1.000000 0.600000 0.800000 0.800000 0.000000 0.853659 0.024390 0.024390 0.278912 0.200000 0.800000 1.000000 1.000000 0.407407 0.370370 0.000000 0.000000 0.183673 0.800000 0.800000 0.800000 0.800000 0.076923 0.653846 0.076923 0.038462 0.176871 0.600000 1.000000 0.800000 0.800000 0.787879 0.000000 0.060606 0.030303 0.224490 1.000000 0.200000 1.000000 1.000000 0.000000 0.857143 0.000000 0.000000 0.190476 0.400000 0.200000 0.800000 0.800000 0.281250 0.312500 0.031250 0.031250 0.217687 0.000000 
278.png 0.600000 1.000000 0.800000 0.800000 0.720000 0.000000 0.040000 0.080000 0.208333 0.600000 1.000000 1.000000 1.000000 0.900000 0.000000 0.000000 0.000000 0.166667 0.600000 1.000000 0.800000 0.800000 0.666667 0.000000 0.125000 0.041667 0.200000 0.800000 1.000000 1.000000 0.800000 0.870968 0.000000 0.000000 0.064516 0.258333 1.000000 0.600000 1.000000 1.000000 0.000000 0.750000 0.000000 0.000000 0.066667 0.800000 1.000000 1.000000 1.000000 0.966667 0.000000 0.000000 0.000000 0.250000 0.000000 
3.png 0.600000 0.400000 1.000000 0.800000 0.206897 0.620690 0.000000 0.051724 0.214815 -0.200000 1.000000 0.800000 0.800000 0.734694 0.000000 0.040816 0.020408 0.181481 1.000000 0.600000 0.800000 0.800000 0.000000 0.830508 0.050847 0.033898 0.218519 0.600000 1.000000 0.800000 0.800000 0.800000 0.000000 0.060000 0.060000 0.185185 0.800000 0.000000 1.000000 0.800000 0.176471 0.666667 0.000000 0.019608 0.188889 0.000000 0.400000 0.800000 0.800000 0.439394 0.287879 0.030303 0.030303 0.244444 3.000000 
39.png 0.400000 0.600000 0.800000 0.800000 0.233333 0.400000 0.033333 0.100000 0.238095 0.800000 1.000000 0.200000 1.000000 0.250000 0.000000 0.541667 0.000000 0.190476 1.000000 0.600000 0.800000 0.800000 0.000000 0.571429 0.071429 0.214286 0.222222 0.800000 1.000000 0.800000 0.800000 0.714286 0.000000 0.071429 0.107143 0.222222 0.600000 0.600000 0.800000 0.800000 0.233333 0.433333 0.066667 0.033333 0.238095 0.800000 1.000000 0.800000 0.600000 0.500000 0.000000 0.041667 0.291667 0.190476 2.000000 
40.png 0.600000 0.600000 0.800000 0.600000 0.156250 0.406250 0.031250 0.156250 0.217687 0.400000 1.000000 0.800000 0.800000 0.666667 0.000000 0.083333 0.041667 0.163265 1.000000 0.600000 0.800000 0.800000 0.000000 0.515152 0.090909 0.181818 0.224490 0.400000 1.000000 0.800000 0.800000 0.612903 0.000000 0.096774 0.129032 0.210884 0.800000 0.600000 0.800000 0.600000 0.291667 0.208333 0.125000 0.083333 0.163265 0.600000 0.800000 0.600000 0.600000 0.457143 0.114286 0.057143 0.171429 0.238095 1.000000 
42.png 0.800000 0.600000 0.600000 0.400000 0.050000 0.425000 0.125000 0.175000 0.208333 0.400000 1.000000 0.600000 0.600000 0.525000 0.000000 0.100000 0.050000 0.208333 0.800000 0.600000 0.800000 0.600000 0.093023 0.604651 0.069767 0.093023 0.223958 0.800000 1.000000 0.800000 0.800000 0.687500 0.000000 0.093750 0.125000 0.166667 0.800000 0.400000 0.800000 0.800000 0.340909 0.272727 0.045455 0.068182 0.229167 0.600000 0.600000 0.400000 0.600000 0.250000 0.187500 0.229167 0.041667 0.250000 0.000000 
44.png 0.600000 0.800000 0.600000 0.600000 0.171429 0.200000 0.200000 0.200000 0.208333 0.000000 0.800000 0.800000 1.000000 0.517241 0.137931 0.068966 0.000000 0.172619 0.800000 0.400000 0.800000 0.800000 0.062500 0.593750 0.093750 0.062500 0.190476 0.800000 1.000000 0.800000 0.800000 0.642857 0.000000 0.107143 0.142857 0.166667 0.200000 0.600000 0.600000 0.800000 0.282051 0.179487 0.102564 0.025641 0.232143 0.600000 0.600000 0.800000 0.600000 0.413793 0.103448 0.068966 0.137931 0.172619 1.000000 
45.png 1.000000 0.200000 0.600000 0.600000 0.000000 0.620000 0.100000 0.080000 0.205761 0.000000 0.600000 1.000000 0.800000 0.653061 0.142857 0.000000 0.020408 0.201646 0.200000 0.800000 0.600000 0.800000 0.425532 0.212766 0.127660 0.042553 0.193416 0.600000 1.000000 0.800000 0.600000 0.755102 0.000000 0.061224 0.081633 0.201646 0.400000 0.000000 0.600000 1.000000 0.210526 0.438596 0.122807 0.000000 0.234568 0.800000 0.400000 0.800000 0.800000 0.333333 0.256410 0.179487 0.051282 0.160494 0.000000 
5.png 0.400000 0.400000 0.800000 0.800000 0.263158 0.447368 0.026316 0.052632 0.263889 0.400000 1.000000 0.800000 1.000000 0.750000 0.000000 0.107143 0.000000 0.194444 0.800000 0.800000 0.600000 0.600000 0.178571 0.250000 0.250000 0.107143 0.194444 0.800000 1.000000 0.800000 0.800000 0.642857 0.000000 0.178571 0.071429 0.194444 0.600000 0.400000 1.000000 1.000000 0.714286 0.142857 0.000000 0.000000 0.243056 0.800000 0.600000 0.800000 0.800000 0.566667 0.200000 0.033333 0.033333 0.208333 1.000000 
53.png 1.000000 0.600000 0.800000 0.800000 0.000000 0.660000 0.160000 0.100000 0.166667 0.000000 0.800000 0.800000 1.000000 0.552239 0.208955 0.029851 0.000000 0.223333 0.600000 0.400000 0.600000 0.800000 0.163265 0.428571 0.163265 0.061224 0.163333 0.200000 1.000000 0.600000 0.800000 0.509091 0.000000 0.218182 0.090909 0.183333 0.600000 0.000000 0.600000 1.000000 0.109375 0.640625 0.078125 0.000000 0.213333 0.600000 0.600000 1.000000 1.000000 0.750000 0.166667 0.000000 0.000000 0.160000 -2.000000 
54.png 0.800000 0.400000 0.600000 0.800000 0.096154 0.557692 0.076923 0.076923 0.213992 0.000000 0.800000 0.800000 1.000000 0.543478 0.239130 0.043478 0.000000 0.189300 0.800000 0.600000 0.800000 0.800000 0.191489 0.489362 0.042553 0.170213 0.193416 0.400000 0.800000 0.600000 0.800000 0.537037 0.037037 0.111111 0.074074 0.222222 0.800000 0.200000 0.800000 1.000000 0.250000 0.589286 0.035714 0.000000 0.230453 0.800000 0.600000 0.800000 1.000000 0.628571 0.200000 0.057143 0.000000 0.144033 -1.000000 
55.png 0.800000 0.200000 0.800000 0.600000 0.086207 0.500000 0.034483 0.086207 0.214815 0.200000 0.800000 0.600000 0.800000 0.520000 0.080000 0.100000 0.040000 0.185185 1.000000 0.600000 0.600000 0.800000 0.000000 0.680851 0.106383 0.085106 0.174074 0.600000 1.000000 0.800000 0.800000 0.782609 0.000000 0.065217 0.065217 0.170370 0.600000 -0.400000 0.800000 0.800000 0.098361 0.491803 0.049180 0.032787 0.225926 0.400000 1.000000 0.800000 0.400000 0.645833 0.000000 0.062500 0.145833 0.177778 0.000000 
66.png 0.800000 0.800000 0.600000 0.800000 0.156250 0.562500 0.062500 0.062500 0.197531 0.800000 1.000000 0.800000 0.800000 0.363636 0.000000 0.363636 0.136364 0.135802 0.800000 0.800000 0.800000 0.800000 0.185185 0.444444 0.185185 0.037037 0.166667 0.800000 1.000000 1.000000 0.800000 0.866667 0.000000 0.000000 0.066667 0.185185 1.000000 0.800000 0.800000 0.800000 0.000000 0.277778 0.277778 0.277778 0.111111 0.800000 0.600000 0.800000 0.800000 0.606061 0.181818 0.030303 0.030303 0.203704 0.000000 
67.png 0.800000 0.800000 0.600000 0.800000 0.138889 0.527778 0.083333 0.111111 0.166667 0.200000 1.000000 1.000000 1.000000 0.852941 0.000000 0.000000 0.000000 0.157407 0.600000 0.600000 0.800000 0.800000 0.187500 0.406250 0.156250 0.031250 0.148148 0.800000 0.800000 0.800000 0.600000 0.200000 0.057143 0.142857 0.171429 0.162037 0.800000 0.400000 0.800000 0.800000 0.156250 0.406250 0.125000 0.093750 0.148148 0.800000 0.600000 0.800000 0.800000 0.558824 0.235294 0.029412 0.029412 0.157407 -1.000000 
69.png 0.800000 0.600000 0.800000 0.800000 0.075000 0.675000 0.075000 0.050000 0.185185 0.400000 0.800000 0.800000 0.800000 0.666667 0.102564 0.025641 0.025641 0.180556 0.800000 0.800000 0.600000 0.600000 0.157895 0.315789 0.210526 0.131579 0.175926 0.600000 0.800000 0.600000 0.800000 0.619048 0.047619 0.142857 0.047619 0.194444 0.600000 0.200000 1.000000 0.800000 0.102564 0.641026 0.000000 0.025641 0.180556 0.800000 0.600000 0.600000 0.600000 0.083333 0.111111 0.138889 0.250000 0.166667 0.000000 
7.png 0.600000 0.800000 0.600000 0.600000 0.324324 0.162162 0.081081 0.108108 0.256944 0.400000 0.600000 0.800000 1.000000 0.363636 0.363636 0.060606 0.000000 0.229167 0.800000 0.800000 0.800000 0.800000 0.074074 0.555556 0.074074 0.111111 0.187500 0.800000 1.000000 0.800000 0.800000 0.741935 0.000000 0.064516 0.096774 0.215278 0.800000 0.400000 1.000000 0.800000 0.166667 0.388889 0.000000 0.194444 0.250000 0.800000 0.600000 0.600000 0.800000 0.275862 0.103448 0.241379 0.137931 0.201389 -1.000000 
71.png 0.800000 0.600000 0.400000 0.800000 0.108696 0.347826 0.282609 0.086957 0.189300 0.400000 1.000000 0.800000 1.000000 0.666667 0.000000 0.155556 0.000000 0.185185 0.800000 0.600000 0.800000 0.800000 0.022222 0.644444 0.066667 0.133333 0.185185 0.600000 1.000000 0.600000 0.800000 0.673469 0.000000 0.122449 0.081633 0.201646 1.000000 -0.200000 0.800000 1.000000 0.000000 0.739130 0.043478 0.000000 0.189300 0.600000 0.600000 0.800000 0.600000 0.439024 0.146341 0.048780 0.195122 0.168724 -1.000000 
79.png 0.400000 0.600000 0.600000 0.800000 0.460000 0.140000 0.120000 0.080000 0.183150 0.400000 0.000000 1.000000 1.000000 0.391304 0.463768 0.000000 0.000000 0.252747 0.600000 0.600000 0.800000 0.800000 0.163265 0.591837 0.061224 0.040816 0.179487 0.400000 1.000000 0.800000 0.800000 0.777778 0.000000 0.055556 0.074074 0.197802 0.800000 -0.400000 0.400000 1.000000 0.137255 0.470588 0.137255 0.000000 0.186813 0.200000 -0.200000 1.000000 0.400000 0.419355 0.258065 0.000000 0.064516 0.227106 0.000000 
8.png 0.800000 0.800000 0.600000 0.800000 0.055556 0.444444 0.194444 0.083333 0.214286 0.200000 0.800000 0.600000 1.000000 0.513514 0.135135 0.162162 0.000000 0.220238 0.800000 0.600000 0.800000 0.800000 0.088235 0.647059 0.058824 0.058824 0.202381 0.400000 1.000000 0.600000 0.800000 0.581395 0.000000 0.162791 0.069767 0.255952 0.600000 0.400000 0.800000 1.000000 0.133333 0.533333 0.066667 0.000000 0.178571 0.800000 0.800000 0.600000 0.400000 0.285714 0.057143 0.228571 0.228571 0.208333 -1.000000 
80.png 0.200000 0.600000 0.400000 0.600000 0.456140 0.157895 0.087719 0.052632 0.263889 0.600000 0.200000 0.800000 0.800000 0.306122 0.469388 0.020408 0.040816 0.226852 0.600000 0.400000 0.800000 0.800000 0.410714 0.392857 0.035714 0.035714 0.259259 0.600000 1.000000 0.800000 0.800000 0.840000 0.000000 0.040000 0.040000 0.231481 0.600000 0.000000 0.600000 0.200000 0.131148 0.344262 0.049180 0.131148 0.282407 0.000000 0.000000 0.800000 0.800000 0.489796 0.122449 0.020408 0.040816 0.226852 -2.000000 
82.png 0.400000 0.600000 0.400000 0.600000 0.285714 0.349206 0.095238 0.095238 0.187500 0.400000 0.200000 0.800000 1.000000 0.307692 0.507692 0.015385 0.000000 0.193452 0.800000 0.400000 0.800000 0.600000 0.048387 0.758065 0.032258 0.048387 0.184524 0.600000 1.000000 0.800000 0.400000 0.685185 0.000000 0.037037 0.166667 0.160714 0.400000 -0.800000 0.600000 1.000000 0.158730 0.539683 0.063492 0.000000 0.187500 -0.200000 -0.600000 1.000000 0.800000 0.391892 0.324324 0.000000 0.027027 0.220238 2.000000 
84.png 0.400000 0.400000 0.600000 0.600000 0.282051 0.448718 0.051282 0.051282 0.232143 -0.200000 0.200000 1.000000 1.000000 0.615385 0.256410 0.000000 0.000000 0.232143 0.600000 0.600000 0.800000 0.800000 0.189655 0.620690 0.034483 0.051724 0.172619 0.000000 0.400000 0.600000 0.600000 0.594595 0.108108 0.040541 0.054054 0.220238 0.400000 -0.800000 1.000000 0.800000 0.263158 0.500000 0.000000 0.013158 0.226190 0.600000 0.600000 1.000000 0.800000 0.769231 0.107692 0.000000 0.046154 0.193452 3.000000 
9.png 0.600000 0.400000 0.800000 0.600000 0.162791 0.488372 0.046512 0.093023 0.176955 -0.400000 0.600000 1.000000 1.000000 0.538462 0.288462 0.000000 0.000000 0.213992 0.800000 0.400000 0.800000 0.800000 0.071429 0.690476 0.047619 0.047619 0.172840 0.800000 0.800000 0.600000 0.800000 0.590909 0.022727 0.159091 0.068182 0.181070 0.200000 0.200000 0.800000 1.000000 0.365385 0.288462 0.096154 0.000000 0.213992 0.600000 0.400000 1.000000 0.800000 0.439024 0.365854 0.000000 0.048780 0.168724 2.000000 
92.png 0.600000 0.200000 0.600000 0.600000 0.111111 0.400000 0.088889 0.133333 0.234375 0.000000 0.800000 1.000000 0.800000 0.657143 0.057143 0.000000 0.028571 0.182292 1.000000 0.600000 0.800000 0.800000 0.000000 0.647059 0.058824 0.176471 0.177083 0.800000 0.800000 0.800000 0.400000 0.568182 0.068182 0.045455 0.159091 0.229167 0.600000 0.400000 1.000000 1.000000 0.394737 0.394737 0.000000 0.000000 0.197917 0.600000 0.400000 0.800000 1.000000 0.531250 0.250000 0.031250 0.000000 0.166667 2.000000 
93.png 0.400000 0.600000 0.400000 0.800000 0.244444 0.266667 0.133333 0.111111 0.208333 0.200000 0.800000 0.800000 1.000000 0.692308 0.025641 0.076923 0.000000 0.180556 1.000000 0.200000 0.800000 0.800000 0.000000 0.659091 0.068182 0.068182 0.203704 0.400000 0.800000 0.600000 0.800000 0.394737 0.105263 0.131579 0.131579 0.175926 0.200000 0.400000 0.800000 1.000000 0.272727 0.363636 0.045455 0.000000 0.203704 0.400000 0.600000 0.800000 0.800000 0.500000 0.280000 0.020000 0.060000 0.231481 -1.000000 
95.png 0.400000 0.400000 0.600000 0.800000 0.339623 0.358491 0.037736 0.094340 0.176667 0.400000 0.800000 0.000000 0.800000 0.473684 0.017544 0.245614 0.035088 0.190000 1.000000 0.600000 0.600000 0.800000 0.000000 0.653846 0.057692 0.153846 0.173333 0.600000 0.800000 0.600000 0.800000 0.571429 0.017857 0.142857 0.089286 0.186667 0.800000 -0.600000 0.600000 1.000000 0.050847 0.610169 0.084746 0.000000 0.196667 0.400000 0.800000 0.800000 0.600000 0.553191 0.042553 0.021277 0.234043 0.156667 -3.000000 
97.png 0.200000 0.600000 0.600000 0.600000 0.326531 0.224490 0.102041 0.122449 0.226852 0.200000 0.600000 0.600000 1.000000 0.434783 0.304348 0.065217 0.000000 0.212963 0.800000 0.800000 0.800000 0.800000 0.085714 0.685714 0.057143 0.057143 0.162037 0.600000 0.800000 0.400000 0.800000 0.387755 0.224490 0.122449 0.102041 0.226852 0.600000 0.200000 1.000000 1.000000 0.302326 0.511628 0.000000 0.000000 0.199074 0.600000 0.600000 0.800000 0.800000 0.578947 0.184211 0.026316 0.052632 0.175926 3.000000 
